0 0.5034573412698413 0.4652425044091711 0.0019370039682539547 0.003747795414462081
0 0.5085515873015873 0.47507495590828924 0.001827876984126957 0.003373015873015913
0 0.5154141865079366 0.46558641975308646 0.0018998015873015511 0.0034700176366842554
0 0.521515376984127 0.47384479717813055 0.0016393849206348394 0.0032186948853616323
0 0.5280034722222222 0.46520723104056433 0.0017162698412698594 0.003289241622574972
0 0.5333482142857143 0.4747574955908289 0.001569940476190458 0.0031261022927690234
0 0.5408184523809524 0.4661375661375662 0.0017708333333334146 0.003606701940035201
0 0.5453100198412698 0.4757495590828924 0.0017584325396825758 0.003752204585538015
0 0.5040625000000001 0.4890784832451499 0.001736111111111111 0.0032451499118166345
0 0.5099355158730159 0.5001940035273369 0.0016691468253967172 0.003509700176366859
0 0.5183358134920635 0.49136684303350975 0.00167162698412693 0.0032010582010582973
0 0.522405753968254 0.5002116402116402 0.0017931547619046537 0.003549382716049463
0 0.5310367063492063 0.49053350970017634 0.0017137896825396464 0.0032627865961199695
0 0.5350719246031745 0.5009038800705468 0.0016542658730158912 0.0033950617283949815
0 0.5423536706349207 0.4924074074074074 0.00158978174603171 0.003355379188712578
0 0.5469593253968255 0.5008421516754851 0.0018080357142857052 0.0034656084656085216