0 0.5086805555555556 0.6415343915343915 0.5146329365079365 0.6468253968253969 0.5146329365079365 0.6574074074074074 0.5094246031746031 0.6618165784832452 0.5049603174603174 0.6578483245149912 0.503968253968254 0.6481481481481481 0.5084325396825397 0.6419753086419753
0 0.4548611111111111 0.6477072310405644 0.4575892857142857 0.6578483245149912 0.45287698412698413 0.6657848324514991 0.44915674603174605 0.6649029982363316 0.44642857142857145 0.654320987654321 0.4494047619047619 0.6472663139329806 0.45461309523809523 0.6477072310405644
0 0.5334821428571429 0.4669312169312169 0.5359623015873016 0.4704585537918871 0.5367063492063492 0.47795414462081126 0.533234126984127 0.48544973544973546 0.5290178571428571 0.48500881834215165 0.5260416666666666 0.4783950617283951 0.5277777777777778 0.46825396825396826 0.533234126984127 0.4669312169312169
0 0.4575892857142857 0.5462962962962963 0.46130952380952384 0.550705467372134 0.4618055555555556 0.5564373897707231 0.45709325396825395 0.5656966490299824 0.45287698412698413 0.5634920634920635 0.4503968253968254 0.5533509700176367 0.453125 0.5471781305114638 0.4573412698412698 0.5462962962962963
0 0.6274801587301587 0.6596119929453262 0.6324404761904762 0.6649029982363316 0.6326884920634921 0.6701940035273368 0.6309523809523809 0.6768077601410935 0.6267361111111112 0.6794532627865961 0.6227678571428571 0.6763668430335097 0.6212797619047619 0.667989417989418 0.623015873015873 0.6609347442680776 0.6272321428571429 0.6596119929453262
0 0.6383928571428571 0.38668430335097004 0.6411210317460317 0.3959435626102293 0.6369047619047619 0.4052028218694885 0.6319444444444444 0.4038800705467372 0.6292162698412699 0.3972663139329806 0.6324404761904762 0.3871252204585538 0.6381448412698413 0.38668430335097004
0 0.4253472222222222 0.4488536155202822 0.42857142857142855 0.4532627865961199 0.42956349206349204 0.45943562610229277 0.42857142857142855 0.46649029982363316 0.4253472222222222 0.47001763668430335 0.4201388888888889 0.4678130511463845 0.4181547619047619 0.4634038800705467 0.4191468253968254 0.45282186948853614 0.42509920634920634 0.4488536155202822
0 0.5679563492063492 0.5542328042328042 0.5706845238095238 0.5573192239858906 0.5716765873015873 0.5639329805996472 0.5677083333333334 0.5731922398589065 0.5625 0.5709876543209876 0.560515873015873 0.564373897707231 0.5617559523809523 0.5564373897707231 0.5677083333333334 0.5542328042328042
0 0.39112103174603174 0.5520282186948854 0.3940972222222222 0.5551146384479718 0.39558531746031744 0.5617283950617284 0.39087301587301587 0.5714285714285714 0.3864087301587302 0.5696649029982364 0.3836805555555556 0.5621693121693122 0.38591269841269843 0.5537918871252204 0.39087301587301587 0.5520282186948854
0 0.5607638888888888 0.6441798941798942 0.5674603174603174 0.650352733686067 0.5667162698412699 0.6618165784832452 0.5610119047619048 0.6653439153439153 0.5570436507936508 0.6618165784832452 0.5562996031746031 0.6516754850088183 0.560515873015873 0.644620811287478
0 0.5024801587301587 0.550705467372134 0.5066964285714286 0.5533509700176367 0.5084325396825397 0.5590828924162258 0.5049603174603174 0.5701058201058201 0.5 0.5692239858906526 0.4972718253968254 0.562610229276896 0.498015873015873 0.5546737213403881 0.5022321428571429 0.550705467372134
0 0.5057043650793651 0.7372134038800705 0.5091765873015873 0.7380952380952381 0.5121527777777778 0.7438271604938271 0.5121527777777778 0.7513227513227513 0.5089285714285714 0.7566137566137566 0.5049603174603174 0.7566137566137566 0.5014880952380952 0.7504409171075838 0.501984126984127 0.7425044091710759 0.5054563492063492 0.7372134038800705
0 0.5863095238095238 0.38580246913580246 0.5902777777777778 0.39021164021164023 0.5907738095238095 0.3985890652557319 0.5895337301587301 0.40476190476190477 0.5855654761904762 0.4069664902998236 0.5813492063492064 0.4052028218694885 0.5793650793650794 0.3959435626102293 0.5815972222222222 0.38844797178130513 0.5860615079365079 0.38580246913580246
0 0.5679563492063492 0.7367724867724867 0.5709325396825397 0.7407407407407407 0.5714285714285714 0.7464726631393298 0.5677083333333334 0.7552910052910053 0.5632440476190477 0.7548500881834215 0.560515873015873 0.7482363315696648 0.5627480158730159 0.7376543209876543 0.5677083333333334 0.7367724867724867
0 0.451140873015873 0.7451499118165785 0.45436507936507936 0.7495590828924162 0.455109126984127 0.7592592592592593 0.45014880952380953 0.7671957671957672 0.4446924603174603 0.7619047619047619 0.44419642857142855 0.7530864197530864 0.4459325396825397 0.7473544973544973 0.45089285714285715 0.7451499118165785
0 0.6334325396825397 0.4845679012345679 0.6369047619047619 0.4916225749559083 0.6369047619047619 0.49779541446208114 0.6346726190476191 0.5026455026455027 0.6307043650793651 0.5044091710758377 0.6267361111111112 0.5026455026455027 0.6257440476190477 0.49250440917107585 0.6279761904761905 0.486331569664903 0.6331845238095238 0.4845679012345679