0 0.5885416666666666 0.5202821869488536 0.5920138888888888 0.5260141093474426 0.5887896825396826 0.5352733686067019 0.5850694444444444 0.5343915343915344 0.5833333333333334 0.5295414462081128 0.5845734126984127 0.5220458553791887 0.5882936507936508 0.5202821869488536
0 0.5314980158730159 0.4109347442680776 0.5342261904761905 0.41887125220458554 0.5305059523809523 0.42548500881834217 0.5262896825396826 0.42239858906525574 0.5257936507936508 0.4166666666666667 0.5275297619047619 0.4113756613756614 0.53125 0.4109347442680776
0 0.43278769841269843 0.4109347442680776 0.4347718253968254 0.4193121693121693 0.4322916666666667 0.42592592592592593 0.42757936507936506 0.42504409171075835 0.42584325396825395 0.41798941798941797 0.42857142857142855 0.4109347442680776 0.43253968253968256 0.4109347442680776
0 0.5441468253968254 0.5132275132275133 0.5461309523809523 0.5224867724867724 0.5436507936507936 0.5268959435626103 0.5394345238095238 0.5264550264550265 0.5374503968253969 0.5185185185185185 0.5396825396825397 0.5132275132275133 0.5438988095238095 0.5132275132275133
0 0.4332837301587302 0.5070546737213404 0.43725198412698413 0.5119047619047619 0.4365079365079365 0.5189594356261023 0.4337797619047619 0.5216049382716049 0.4303075396825397 0.5202821869488536 0.4283234126984127 0.5154320987654321 0.42931547619047616 0.5101410934744268 0.4330357142857143 0.5070546737213404
0 0.6004464285714286 0.45282186948853614 0.6036706349206349 0.4567901234567901 0.6041666666666666 0.46164021164021163 0.6001984126984127 0.468694885361552 0.5967261904761905 0.4673721340388007 0.5947420634920635 0.4603174603174603 0.5972222222222222 0.4532627865961199 0.6001984126984127 0.45282186948853614
0 0.5054563492063492 0.4462081128747795 0.5079365079365079 0.4532627865961199 0.5052083333333334 0.4603174603174603 0.5009920634920635 0.45987654320987653 0.4990079365079365 0.45282186948853614 0.5014880952380952 0.4462081128747795 0.5052083333333334 0.4462081128747795
0 0.49107142857142855 0.5154320987654321 0.49503968253968256 0.5216049382716049 0.4937996031746032 0.5291005291005291 0.49007936507936506 0.5308641975308642 0.48660714285714285 0.5260141093474426 0.4871031746031746 0.5185185185185185 0.4908234126984127 0.5158730158730159
0 0.45709325396825395 0.5515873015873016 0.45982142857142855 0.5533509700176367 0.46056547619047616 0.5612874779541446 0.4565972222222222 0.5670194003527337 0.453125 0.5634920634920635 0.4523809523809524 0.5582010582010583 0.4568452380952381 0.5515873015873016
0 0.48115079365079366 0.4122574955908289 0.4836309523809524 0.41798941798941797 0.48115079365079366 0.42724867724867727 0.47643849206349204 0.4263668430335097 0.47470238095238093 0.41887125220458554 0.47693452380952384 0.4126984126984127 0.4809027777777778 0.4122574955908289
0 0.5575396825396826 0.5546737213403881 0.560515873015873 0.5555555555555556 0.5625 0.560405643738977 0.5615079365079365 0.5674603174603174 0.5587797619047619 0.5696649029982364 0.5538194444444444 0.564373897707231 0.5548115079365079 0.5568783068783069 0.5572916666666666 0.5546737213403881
0 0.6071428571428571 0.5617283950617284 0.008432539682539682 0.014991181657848324
0 0.5086805555555556 0.5515873015873016 0.5109126984126984 0.5608465608465608 0.5084325396825397 0.5661375661375662 0.5049603174603174 0.5661375661375662 0.5027281746031746 0.5608465608465608 0.5037202380952381 0.5533509700176367 0.5084325396825397 0.5515873015873016
0 0.5510912698412699 0.4574514991181658 0.008432539682539682 0.015432098765432098
0 0.5838293650793651 0.4144620811287478 0.5855654761904762 0.42328042328042326 0.582093253968254 0.4294532627865961 0.578125 0.4281305114638448 0.5763888888888888 0.42151675485008816 0.5783730158730159 0.4149029982363316 0.5835813492063492 0.4144620811287478
0 0.4511904761904762 0.4583112874779542 0.007678571428571437 0.014215167548500836