0 0.24566 0.772266 0.0126488 0.0198413 0.01734
0 0.267485 0.559965 0.0101687 0.0238095 0.227834
0 0.554067 0.361111 0.0178571 0.031746 0.303832
0 0.658482 0.609347 0.0138889 0.0326279 0.714519
0 0.497396 0.934744 0.0131448 0.0326279 0.768148
0 0.337674 0.732143 0.0200893 0.0365961 0.779445
0 0.553323 0.765873 0.0119048 0.0326279 0.780792
0 0.621528 0.941138 0.014881 0.0339506 0.789638
0 0.752232 0.807319 0.015873 0.0308642 0.793106
0 0.269717 0.936287 0.0195933 0.0321869 0.807604
0 0.401166 0.922619 0.0205853 0.0313051 0.82198
0 0.758185 0.611111 0.016369 0.031746 0.846704
