0 0.5812152777777778 0.43919753086419755 0.005607638888888808 0.009960317460317425
0 0.553390376984127 0.43961640211640207 0.005600198412698394 0.010789241622574969
0 0.5790972222222223 0.49381393298059967 0.005600198412698394 0.009739858906525638
0 0.523655753968254 0.48408289241622576 0.005580357142857143 0.010211640211640147
0 0.46388640873015874 0.47481481481481486 0.005783730158730199 0.011230158730158642
0 0.4448139880952381 0.5318827160493826 0.005508432539682548 0.01027336860670202
0 0.4818452380952381 0.5284876543209877 0.00573660714285717 0.009880952380952317
0 0.5079315476190476 0.5311199294532628 0.005652281746031737 0.009880952380952317
0 0.5432093253968253 0.532826278659612 0.005545634920634839 0.00990740740740732
0 0.47948412698412696 0.5847751322751322 0.005456349206349206 0.009620811287478026
0 0.5117261904761905 0.5818694885361553 0.005835813492063429 0.010961199294532684
0 0.5408829365079365 0.583452380952381 0.005969742063491991 0.010740740740740797
0 0.5768526785714285 0.5913007054673721 0.005766369047619048 0.01026014109347442
0 0.5430952380952382 0.6340167548500882 0.00549107142857151 0.01039241622574963
0 0.5103125 0.6347751322751323 0.005783730158730143 0.0104144620811287
0 0.4784895833333333 0.6401234567901234 0.005892857142857197 0.011014109347442689