0 0.4843551587301588 0.621984126984127 0.005503472222222236 0.010643738977072255
0 0.5131622023809524 0.6172883597883598 0.005205853174603121 0.009422398589065208
0 0.48550099206349207 0.5719268077601412 0.005240575396825424 0.009541446208112819
0 0.48762648809523806 0.5212962962962963 0.005401785714285764 0.009417989417989475
0 0.5111607142857143 0.523831569664903 0.005458829365079419 0.009338624338624266
0 0.5143824404761904 0.5696340388007055 0.005431547619047529 0.010101410934744204
0 0.5408184523809524 0.5710273368606702 0.005500992063492136 0.009863315696648983
0 0.5732539682539682 0.5781128747795414 0.005478670634920671 0.009197530864197587
0 0.5429191468253969 0.525326278659612 0.005275297619047727 0.009303350970017596
0 0.5754315476190476 0.49052910052910054 0.005404265873015864 0.009347442680775933
0 0.5773958333333333 0.44134038800705466 0.005245535714285624 0.009391534391534371
0 0.552375992063492 0.44152557319223984 0.005282738095238141 0.009757495590828972
0 0.5254340277777778 0.4811067019400353 0.00521825396825396 0.009581128747795422
0 0.5427083333333332 0.6166181657848324 0.005024801587301641 0.009290123456790195
0 0.4543576388888889 0.5242372134038801 0.005220734126984172 0.009184303350969985
0 0.47143849206349203 0.4728703703703704 0.005704365079365079 0.010246913580246817