0 0.47631448412698413 0.6570502645502646 0.006932043650793605 0.01295855379188707
0 0.5127380952380952 0.6509611992945327 0.00646825396825395 0.011706349206349286
0 0.47745783730158725 0.5934700176366843 0.00667658730158732 0.01161816578483241
0 0.5142385912698413 0.5901499118165785 0.00671378968253961 0.012138447971781393
0 0.43770089285714286 0.5331305114638448 0.006413690476190508 0.011485890652557399
0 0.45958581349206346 0.4676366843033509 0.006746031746031701 0.012720458553791846
0 0.4802108134920635 0.5289814814814815 0.006674107142857107 0.011477072310405732
0 0.5099950396825397 0.5320855379188713 0.006490575396825415 0.011657848324515016
0 0.5503050595238095 0.6502028218694885 0.006587301587301687 0.011697530864197619
0 0.547889384920635 0.5917328042328042 0.006842757936507972 0.012663139329805909
0 0.5891666666666666 0.6008465608465609 0.00675843253968254 0.011684303350970017
0 0.5502876984126984 0.5336552028218694 0.006555059523809596 0.01178130511463836
0 0.5279910714285715 0.4779805996472663 0.006247519841269742 0.011940035273368574
0 0.5915848214285714 0.48918430335097 0.006510416666666667 0.011741622574955956
0 0.5621304563492064 0.42749118165784833 0.006815476190476082 0.012142857142857127
0 0.5940649801587301 0.42660934744268075 0.006946924603174657 0.011327160493827185