0 0.5094246031746031 0.5365961199294532 0.5141369047619048 0.5432098765432098 0.5158730158730159 0.5568783068783069 0.5124007936507936 0.5687830687830688 0.5064484126984127 0.5745149911816578 0.5009920634920635 0.5736331569664903 0.4962797619047619 0.5674603174603174 0.49429563492063494 0.5511463844797179 0.4982638888888889 0.5392416225749559 0.5037202380952381 0.5352733686067019 0.5091765873015873 0.5365961199294532
0 0.5091765873015873 0.328042328042328 0.515625 0.3355379188712522 0.5181051587301587 0.349647266313933 0.5163690476190477 0.36067019400352734 0.5084325396825397 0.36772486772486773 0.49851190476190477 0.36067019400352734 0.49503968253968256 0.34523809523809523 0.4990079365079365 0.33112874779541446 0.5089285714285714 0.328042328042328
0 0.3841765873015873 0.11992945326278659 0.390625 0.12345679012345678 0.3960813492063492 0.13800705467372135 0.3943452380952381 0.15432098765432098 0.38764880952380953 0.1609347442680776 0.376984126984127 0.15388007054673722 0.37375992063492064 0.1424162257495591 0.37624007936507936 0.12654320987654322 0.38392857142857145 0.11992945326278659
0 0.6264880952380952 0.3236331569664903 0.6334325396825397 0.3315696649029982 0.6356646825396826 0.349647266313933 0.6336805555555556 0.35890652557319225 0.6307043650793651 0.36331569664902996 0.6237599206349206 0.36684303350970016 0.6155753968253969 0.359347442680776 0.6128472222222222 0.3505291005291005 0.6125992063492064 0.3403880070546737 0.6168154761904762 0.328042328042328 0.6262400793650794 0.3236331569664903
0 0.3834325396825397 0.5621693121693122 0.39037698412698413 0.572310405643739 0.3913690476190476 0.5873015873015873 0.3878968253968254 0.5987654320987654 0.3804563492063492 0.6040564373897708 0.37624007936507936 0.6031746031746031 0.37103174603174605 0.595679012345679 0.36904761904761907 0.5886243386243386 0.36929563492063494 0.5767195767195767 0.37003968253968256 0.5714285714285714 0.37524801587301587 0.5639329805996472 0.38318452380952384 0.5621693121693122
0 0.6374007936507936 0.5251322751322751 0.6438492063492064 0.5335097001763669 0.6453373015873016 0.5471781305114638 0.6433531746031746 0.5568783068783069 0.6359126984126984 0.564373897707231 0.6304563492063492 0.5630511463844797 0.6262400793650794 0.5573192239858906 0.6240079365079365 0.5401234567901234 0.6287202380952381 0.5282186948853616 0.6371527777777778 0.5251322751322751
0 0.49032738095238093 0.12345679012345678 0.49702380952380953 0.1300705467372134 0.5 0.14858906525573193 0.4957837301587302 0.16313932980599646 0.48933531746031744 0.16666666666666666 0.4809027777777778 0.16005291005291006 0.4771825396825397 0.14285714285714285 0.47842261904761907 0.1335978835978836 0.48214285714285715 0.12654320987654322 0.49007936507936506 0.12345679012345678
0 0.38244047619047616 0.34523809523809523 0.388640873015873 0.3522927689594356 0.39087301587301587 0.36904761904761907 0.3869047619047619 0.38051146384479717 0.3812003968253968 0.3844797178130511 0.373015873015873 0.37962962962962965 0.3695436507936508 0.37257495590828926 0.36904761904761907 0.36507936507936506 0.3697916666666667 0.3558201058201058 0.3732638888888889 0.34832451499118167 0.37723214285714285 0.3447971781305115 0.3821924603174603 0.34523809523809523
0 0.7723214285714286 0.3430335097001764 0.7790178571428571 0.3474426807760141 0.7827380952380952 0.35537918871252205 0.7829861111111112 0.36860670194003525 0.7800099206349206 0.376984126984127 0.7728174603174603 0.3835978835978836 0.7683531746031746 0.38315696649029984 0.761656746031746 0.3765432098765432 0.7596726190476191 0.36948853615520283 0.7594246031746031 0.36155202821869487 0.7619047619047619 0.3509700176366843 0.7663690476190477 0.34523809523809523 0.7720734126984127 0.34347442680776014
0 0.2390873015873016 0.1402116402116402 0.24479166666666666 0.1455026455026455 0.24851190476190477 0.1609347442680776 0.24627976190476192 0.1746031746031746 0.23933531746031747 0.18077601410934743 0.2309027777777778 0.17768959435626103 0.22643849206349206 0.16181657848324515 0.22718253968253968 0.15167548500881833 0.2309027777777778 0.14329805996472664 0.23883928571428573 0.1402116402116402
0 0.6312003968253969 0.12301587301587301 0.6361607142857143 0.12654320987654322 0.6403769841269841 0.1388888888888889 0.6388888888888888 0.15432098765432098 0.6314484126984127 0.1626984126984127 0.623015873015873 0.1591710758377425 0.6197916666666666 0.15299823633156967 0.6185515873015873 0.14462081128747795 0.6197916666666666 0.13315696649029982 0.623015873015873 0.12654320987654322 0.6309523809523809 0.12301587301587301