0 0.5410218253968254 0.4521252204585538 0.0030580357142856963 0.006062610229276896
0 0.555062003968254 0.4505070546737213 0.003095238095237987 0.005771604938271619
0 0.554513888888889 0.4787830687830688 0.0029662698412698503 0.005590828924162185
0 0.5261086309523809 0.4751014109347443 0.003072916666666748 0.006089065255731899
0 0.5540550595238095 0.5280511463844797 0.003154761904761968 0.005392416225749567
0 0.5371378968253968 0.5510493827160494 0.0028893849206348306 0.006199294532627842
0 0.5204563492063492 0.5522619047619047 0.0032390873015874008 0.005917107583774283
0 0.5207837301587303 0.5254585537918871 0.0032018849206348846 0.005855379188712611
0 0.5185590277777777 0.4996340388007055 0.003033234126984019 0.005542328042328114
0 0.536453373015873 0.4996604938271605 0.0029017857142856693 0.005590828924162185
0 0.5042956349206349 0.5559567901234568 0.003241567460317501 0.0064329805996473305
0 0.5043179563492064 0.5275088183421517 0.0028695436507936915 0.005533509700176447
0 0.48623511904761907 0.5013712522045854 0.002904265873015882 0.005330687830687895
0 0.5049255952380952 0.4986243386243387 0.0032564484126984396 0.005727513227513132
0 0.49541170634920634 0.47201499118165785 0.003296130952380943 0.006300705467372118
0 0.5357217261904762 0.5254717813051146 0.0033754960317459505 0.0058862433862433465