0 0.5391071428571428 0.4578615520282187 0.0027108134920635642 0.005119047619047675
0 0.5513566468253969 0.45668871252204585 0.002581845238095202 0.005123456790123409
0 0.5508928571428571 0.4814858906525573 0.002646329365079383 0.004766313932980576
0 0.5259375 0.4785008818342152 0.0026537698412697963 0.005551146384479782
0 0.5350694444444445 0.5002380952380953 0.0025694444444443634 0.005119047619047675
0 0.5191468253968253 0.4998544973544974 0.0027901785714285715 0.00506613756613747
0 0.5072718253968255 0.4992416225749559 0.002676091269841317 0.005013227513227465
0 0.4988566468253969 0.4755335097001764 0.0027058531746031386 0.005493827160493843
0 0.4906969246031746 0.5015211640211641 0.002415674603174549 0.0048765432098765195
0 0.5066493055555555 0.5246781305114638 0.0025892857142856716 0.004766313932980576
0 0.5212301587301587 0.5226984126984127 0.002824900793650875 0.0052557319223986215
0 0.5343328373015873 0.522742504409171 0.002748015873015855 0.005295414462081225
0 0.5505084325396825 0.5249426807760141 0.0027058531746031386 0.004704585537918904
0 0.5355257936507936 0.5451851851851852 0.002822420634920662 0.005220458553791951
0 0.5209201388888889 0.5462918871252205 0.0028621031746031656 0.005092592592592673
0 0.5066145833333333 0.5495899470899471 0.0028472222222221703 0.005806878306878339