0 0.46911458333333333 0.4444223985890653 0.004687500000000022 0.008143738977072322
0 0.4809722222222222 0.4679850088183422 0.004595734126984176 0.008408289241622647
0 0.4703323412698413 0.5009038800705468 0.004570932539682499 0.007742504409171052
0 0.4844072420634921 0.5277204585537918 0.004662698412698458 0.00847001763668432
0 0.5044717261904762 0.5066358024691358 0.004548611111111147 0.0086243386243386
0 0.5138268849206349 0.5274426807760141 0.00455605158730156 0.008421516754850047
0 0.5120808531746032 0.4648721340388007 0.004464285714285714 0.008227513227513163
0 0.49766865079365075 0.44526455026455025 0.005111607142857175 0.008813932980599652
0 0.5277728174603175 0.44448853615520284 0.004672619047619083 0.008280423280423268
0 0.5400372023809523 0.4673809523809524 0.004543650793650721 0.008712522045855476
0 0.5346875 0.5044753086419753 0.004330357142857152 0.008337742504409107
0 0.5441294642857143 0.5291578483245151 0.004508928571428644 0.008324514991181706
0 0.5727752976190476 0.5291093474426808 0.004270833333333396 0.008227513227513163
0 0.5615972222222223 0.509104938271605 0.004590773809523864 0.008527336860670259
0 0.5685590277777778 0.46963844797178134 0.004908234126984118 0.009197530864197587
0 0.5579489087301588 0.4464373897707231 0.005228174603174585 0.00915343915343915