0 0.614087 0.491843 0.00793651 0.0145503 0.0105819
0 0.99814 0.108466 0.00322421 0.0590829 0.0107239
0 0.560516 0.548501 0.00744048 0.0141093 0.0107748
0 0.414435 0.54784 0.0094246 0.0145503 0.0159627
0 0.470734 0.261905 0.00595238 0.00881834 0.0409147
0 0.997644 0.372134 0.00421627 0.015873 0.0621464
0 0.466518 0.626323 0.00744048 0.0136684 0.0723858
0 0.851066 0.444444 0.0101687 0.00617284 0.0796847
0 0.512153 0.700838 0.00744048 0.0136684 0.119606
0 0.611607 0.635802 0.00744048 0.0132275 0.172931
0 0.55692 0.624559 0.00917659 0.0154321 0.471783
0 0.507937 0.547619 0.00843254 0.0149912 0.480926
0 0.41307 0.389991 0.00570437 0.0110229 0.507582
0 0.463666 0.708333 0.0106647 0.0163139 0.576936
0 0.513517 0.622355 0.00868056 0.0154321 0.577269
0 0.617312 0.409832 0.00793651 0.0145503 0.598194
0 0.53311 0.306658 0.00768849 0.0145503 0.62399
0 0.442832 0.463183 0.00917659 0.0163139 0.630219
0 0.531622 0.476852 0.00818452 0.0145503 0.728119
