0 0.43973214285714285 0.7045855379188712 0.44246031746031744 0.7063492063492064 0.44518849206349204 0.7138447971781305 0.44320436507936506 0.7235449735449735 0.4392361111111111 0.7270723104056437 0.4337797619047619 0.7244268077601411 0.43179563492063494 0.7147266313932981 0.43452380952380953 0.7063492063492064 0.439484126984127 0.7045855379188712
0 0.4459325396825397 0.5837742504409171 0.4494047619047619 0.5886243386243386 0.45014880952380953 0.5961199294532628 0.44742063492063494 0.6036155202821869 0.4437003968253968 0.6058201058201058 0.43898809523809523 0.6027336860670194 0.4367559523809524 0.5912698412698413 0.4412202380952381 0.5833333333333334 0.44568452380952384 0.5837742504409171
0 0.6520337301587301 0.7217813051146384 0.6550099206349206 0.7266313932980599 0.6555059523809523 0.732363315696649 0.6512896825396826 0.7433862433862434 0.6448412698412699 0.7411816578483245 0.6418650793650794 0.7305996472663139 0.6438492063492064 0.7235449735449735 0.6517857142857143 0.7217813051146384
0 0.6614583333333334 0.39285714285714285 0.6646825396825397 0.3990299823633157 0.6646825396825397 0.4056437389770723 0.6622023809523809 0.41181657848324515 0.6587301587301587 0.414021164021164 0.6527777777777778 0.4096119929453263 0.6517857142857143 0.4007936507936508 0.6557539682539683 0.3924162257495591 0.6612103174603174 0.39285714285714285
0 0.5736607142857143 0.7037037037037037 0.5771329365079365 0.7103174603174603 0.5773809523809523 0.7178130511463845 0.5719246031746031 0.7261904761904762 0.5654761904761905 0.7239858906525574 0.5634920634920635 0.7134038800705468 0.5667162698412699 0.7037037037037037 0.5734126984126984 0.7037037037037037
0 0.5349702380952381 0.48853615520282184 0.5391865079365079 0.4947089947089947 0.5396825396825397 0.5026455026455027 0.5372023809523809 0.5088183421516755 0.5339781746031746 0.5105820105820106 0.5295138888888888 0.5083774250440917 0.5270337301587301 0.49779541446208114 0.5295138888888888 0.4898589065255732 0.5347222222222222 0.48853615520282184
0 0.40476190476190477 0.46649029982363316 0.4097222222222222 0.4708994708994709 0.4114583333333333 0.47883597883597884 0.4099702380952381 0.48721340388007056 0.40476190476190477 0.4911816578483245 0.39955357142857145 0.4876543209876543 0.39831349206349204 0.48192239858906527 0.4000496031746032 0.4704585537918871 0.4045138888888889 0.46649029982363316
0 0.578125 0.5934744268077602 0.5815972222222222 0.6058201058201058 0.5796130952380952 0.6128747795414462 0.5763888888888888 0.6150793650793651 0.5709325396825397 0.6128747795414462 0.5691964285714286 0.6009700176366843 0.5726686507936508 0.5943562610229277 0.5778769841269841 0.5934744268077602
0 0.3630952380952381 0.5903880070546738 0.36904761904761907 0.5952380952380952 0.37028769841269843 0.6009700176366843 0.3685515873015873 0.6089065255731922 0.36408730158730157 0.6128747795414462 0.359375 0.6106701940035273 0.3568948412698413 0.6036155202821869 0.3576388888888889 0.5952380952380952 0.3628472222222222 0.5903880070546738
0 0.5012400793650794 0.5890652557319224 0.5049603174603174 0.5930335097001763 0.5059523809523809 0.6022927689594356 0.5032242063492064 0.6102292768959435 0.49851190476190477 0.6119929453262787 0.4945436507936508 0.6080246913580247 0.4928075396825397 0.5983245149911817 0.4947916666666667 0.591710758377425 0.5009920634920635 0.5890652557319224
0 0.5071924603174603 0.814373897707231 0.5106646825396826 0.8209876543209876 0.5109126984126984 0.826278659611993 0.5096726190476191 0.832010582010582 0.5052083333333334 0.8368606701940036 0.49875992063492064 0.8311287477954145 0.498015873015873 0.8231922398589065 0.5014880952380952 0.8139329805996472 0.5069444444444444 0.814373897707231
0 0.5106646825396826 0.6997354497354498 0.513640873015873 0.7063492063492064 0.5138888888888888 0.7125220458553791 0.5089285714285714 0.7222222222222222 0.5037202380952381 0.7208994708994709 0.5007440476190477 0.7094356261022927 0.5044642857142857 0.699294532627866 0.5104166666666666 0.6997354497354498
0 0.5999503968253969 0.39197530864197533 0.6036706349206349 0.3972663139329806 0.6044146825396826 0.4074074074074074 0.6039186507936508 0.4113756613756614 0.5997023809523809 0.41622574955908287 0.5939980158730159 0.4144620811287478 0.5915178571428571 0.40828924162257496 0.5925099206349206 0.3972663139329806 0.5997023809523809 0.39197530864197533
0 0.5766369047619048 0.8130511463844797 0.5806051587301587 0.8174603174603174 0.5815972222222222 0.8253968253968254 0.5793650793650794 0.8328924162257496 0.5749007936507936 0.8355379188712522 0.5699404761904762 0.8311287477954145 0.5689484126984127 0.8209876543209876 0.5711805555555556 0.8152557319223986 0.5763888888888888 0.8130511463844797
0 0.4375 0.8231922398589065 0.4409722222222222 0.8276014109347443 0.44221230158730157 0.8386243386243386 0.4365079365079365 0.8487654320987654 0.43080357142857145 0.8452380952380952 0.4288194444444444 0.8346560846560847 0.4310515873015873 0.8253968253968254 0.43725198412698413 0.8231922398589065
0 0.6572420634920635 0.5114638447971781 0.6604662698412699 0.5233686067019401 0.6574900793650794 0.531305114638448 0.6545138888888888 0.5335097001763669 0.6485615079365079 0.5304232804232805 0.6468253968253969 0.5194003527336861 0.6505456349206349 0.5110229276895943 0.6569940476190477 0.5114638447971781