0 0.5446428571428571 0.5110229276895943 0.5456349206349206 0.5185185185185185 0.5436507936507936 0.5224867724867724 0.5399305555555556 0.5202821869488536 0.5394345238095238 0.5123456790123457 0.5443948412698413 0.5110229276895943
0 0.4809027777777778 0.6203703703703703 0.4826388888888889 0.6252204585537919 0.4809027777777778 0.6331569664902998 0.4774305555555556 0.6331569664902998 0.47544642857142855 0.626984126984127 0.47693452380952384 0.6208112874779541 0.4806547619047619 0.6203703703703703
0 0.5535714285714286 0.4157848324514991 0.5555555555555556 0.42063492063492064 0.5538194444444444 0.427689594356261 0.5503472222222222 0.427689594356261 0.5483630952380952 0.421957671957672 0.5503472222222222 0.41622574955908287 0.5533234126984127 0.4157848324514991
0 0.5243055555555556 0.4620811287477954 0.5260416666666666 0.46825396825396826 0.5233134920634921 0.47354497354497355 0.5200892857142857 0.4722222222222222 0.5190972222222222 0.46649029982363316 0.5240575396825397 0.4620811287477954
0 0.5466269841269841 0.6124338624338624 0.546875 0.6208112874779541 0.5441468253968254 0.6234567901234568 0.5409226190476191 0.6212522045855379 0.5404265873015873 0.6159611992945326 0.542906746031746 0.6111111111111112 0.5463789682539683 0.6124338624338624
0 0.4809027777777778 0.5648148148148148 0.48288690476190477 0.5709876543209876 0.4816468253968254 0.5758377425044092 0.4789186507936508 0.5771604938271605 0.47643849206349204 0.5758377425044092 0.4756944444444444 0.5709876543209876 0.4774305555555556 0.5652557319223986 0.4806547619047619 0.5648148148148148
0 0.5811011904761905 0.47001763668430335 0.5813492063492064 0.4775132275132275 0.578125 0.4810405643738977 0.5746527777777778 0.47795414462081126 0.5746527777777778 0.4713403880070547 0.5776289682539683 0.46825396825396826 0.5808531746031746 0.47001763668430335
0 0.5084325396825397 0.5092592592592593 0.5106646825396826 0.5149911816578483 0.5086805555555556 0.5216049382716049 0.5049603174603174 0.5216049382716049 0.5034722222222222 0.5167548500881834 0.5049603174603174 0.5097001763668431 0.5081845238095238 0.5092592592592593
0 0.44320436507936506 0.5127865961199295 0.4459325396825397 0.513668430335097 0.44717261904761907 0.5180776014109347 0.4461805555555556 0.5242504409171076 0.44345238095238093 0.5255731922398589 0.4402281746031746 0.5202821869488536 0.4429563492063492 0.5127865961199295
0 0.5415426587301587 0.5672398589065256 0.007192460317460317 0.012786596119929453
0 0.5815972222222222 0.41358024691358025 0.5828373015873016 0.42151675485008816 0.5793650793650794 0.42504409171075835 0.5768849206349206 0.42328042328042326 0.5763888888888888 0.41798941798941797 0.578125 0.41358024691358025 0.5813492063492064 0.41358024691358025
0 0.46378968253968256 0.45458553791887124 0.46552579365079366 0.4634038800705467 0.4632936507936508 0.4678130511463845 0.45982142857142855 0.4673721340388007 0.4583333333333333 0.46119929453262787 0.4600694444444444 0.455026455026455 0.4635416666666667 0.45458553791887124
0 0.5783730158730159 0.5661375661375662 0.5806051587301587 0.5705467372134039 0.5786210317460317 0.578042328042328 0.574156746031746 0.5749559082892416 0.5746527777777778 0.5692239858906526 0.578125 0.5661375661375662
0 0.5119047619047619 0.560405643738977 0.5148809523809523 0.5634920634920635 0.5151289682539683 0.5709876543209876 0.5124007936507936 0.5740740740740741 0.5089285714285714 0.5714285714285714 0.5086805555555556 0.5630511463844797 0.511656746031746 0.5608465608465608
0 0.4826388888888889 0.5088183421516755 0.48462301587301587 0.5158730158730159 0.48139880952380953 0.5202821869488536 0.4781746031746032 0.5185185185185185 0.4771825396825397 0.5119047619047619 0.47867063492063494 0.5088183421516755 0.482390873015873 0.5088183421516755
0 0.5126488095238095 0.6128747795414462 0.5141369047619048 0.6203703703703703 0.5124007936507936 0.6252204585537919 0.5086805555555556 0.6252204585537919 0.5071924603174603 0.6199294532627866 0.5086805555555556 0.61331569664903 0.5124007936507936 0.6128747795414462