0 0.6061507936507936 0.38492063492063494 0.6091269841269841 0.3888888888888889 0.6098710317460317 0.3977072310405644 0.6078869047619048 0.404320987654321 0.6026785714285714 0.4069664902998236 0.5982142857142857 0.4007936507936508 0.597718253968254 0.3932980599647266 0.6004464285714286 0.3862433862433862 0.6059027777777778 0.38492063492063494
0 0.5610119047619048 0.4365079365079365 0.564484126984127 0.43959435626102294 0.5659722222222222 0.44576719576719576 0.5652281746031746 0.4532627865961199 0.5612599206349206 0.4576719576719577 0.5570436507936508 0.4559082892416226 0.5545634920634921 0.4479717813051146 0.5562996031746031 0.43915343915343913 0.5607638888888888 0.4365079365079365
0 0.3888888888888889 0.38095238095238093 0.392609126984127 0.38668430335097004 0.39285714285714285 0.3932980599647266 0.39037698412698413 0.400352733686067 0.38764880952380953 0.4021164021164021 0.3834325396825397 0.4007936507936508 0.3804563492063492 0.390652557319224 0.3836805555555556 0.38095238095238093 0.388640873015873 0.38095238095238093
0 0.39211309523809523 0.5202821869488536 0.3960813492063492 0.5255731922398589 0.39632936507936506 0.533068783068783 0.390625 0.5405643738977073 0.38566468253968256 0.5365961199294532 0.38492063492063494 0.5282186948853616 0.3871527777777778 0.5216049382716049 0.39186507936507936 0.5202821869488536
0 0.6416170634920635 0.5877425044091711 0.6463293650793651 0.5921516754850088 0.6473214285714286 0.5992063492063492 0.6453373015873016 0.6062610229276896 0.6411210317460317 0.6084656084656085 0.6369047619047619 0.6044973544973545 0.6356646825396826 0.5961199294532628 0.6371527777777778 0.5903880070546738 0.6413690476190477 0.5877425044091711
0 0.4263392857142857 0.5842151675485009 0.42956349206349204 0.5881834215167548 0.4303075396825397 0.5970017636684304 0.4288194444444444 0.6022927689594356 0.4253472222222222 0.6049382716049383 0.4208829365079365 0.6022927689594356 0.4191468253968254 0.5921516754850088 0.42162698412698413 0.5855379188712522 0.4260912698412698 0.5842151675485009
0 0.4595734126984127 0.3835978835978836 0.46304563492063494 0.390652557319224 0.46304563492063494 0.3972663139329806 0.4568452380952381 0.40476190476190477 0.45188492063492064 0.39991181657848324 0.45089285714285715 0.390652557319224 0.45436507936507936 0.3835978835978836 0.4593253968253968 0.3835978835978836
0 0.47470238095238093 0.5321869488536155 0.4789186507936508 0.5370370370370371 0.47966269841269843 0.544973544973545 0.4774305555555556 0.5511463844797179 0.4739583333333333 0.5529100529100529 0.4704861111111111 0.5511463844797179 0.4677579365079365 0.5432098765432098 0.47023809523809523 0.5339506172839507 0.47445436507936506 0.5321869488536155
0 0.4945436507936508 0.43253968253968256 0.49702380952380953 0.4365079365079365 0.4975198412698413 0.44576719576719576 0.49503968253968256 0.45105820105820105 0.4915674603174603 0.4523809523809524 0.4878472222222222 0.4497354497354497 0.486359126984127 0.43915343915343913 0.4898313492063492 0.43209876543209874 0.49429563492063494 0.43253968253968256
0 0.6307043650793651 0.4409171075837742 0.6351686507936508 0.44576719576719576 0.6361607142857143 0.4532627865961199 0.6341765873015873 0.4603174603174603 0.6304563492063492 0.46296296296296297 0.6264880952380952 0.46119929453262787 0.6240079365079365 0.4541446208112875 0.625 0.445326278659612 0.6304563492063492 0.4409171075837742
0 0.4982638888888889 0.5833333333333334 0.501984126984127 0.5881834215167548 0.5027281746031746 0.5952380952380952 0.5017361111111112 0.6000881834215167 0.498015873015873 0.6040564373897708 0.4935515873015873 0.6022927689594356 0.49107142857142855 0.595679012345679 0.4928075396825397 0.5859788359788359 0.498015873015873 0.5833333333333334
0 0.5478670634920635 0.527336860670194 0.5523313492063492 0.5326278659611993 0.5530753968253969 0.5396825396825397 0.550843253968254 0.5458553791887125 0.5473710317460317 0.5476190476190477 0.5424107142857143 0.5432098765432098 0.5414186507936508 0.5343915343915344 0.5434027777777778 0.5291005291005291 0.5476190476190477 0.527336860670194
0 0.5734126984126984 0.5890652557319224 0.5768849206349206 0.5987654320987654 0.5753968253968254 0.6049382716049383 0.5711805555555556 0.6089065255731922 0.5662202380952381 0.6044973544973545 0.5649801587301587 0.5974426807760141 0.5674603174603174 0.5895061728395061 0.5731646825396826 0.5890652557319224
0 0.5297619047619048 0.38051146384479717 0.5327380952380952 0.3818342151675485 0.5354662698412699 0.3880070546737213 0.5347222222222222 0.3972663139329806 0.5297619047619048 0.40167548500881833 0.5260416666666666 0.3994708994708995 0.5243055555555556 0.3937389770723104 0.5252976190476191 0.3844797178130511 0.5295138888888888 0.38051146384479717
0 0.6150793650793651 0.5388007054673721 0.6185515873015873 0.5432098765432098 0.6192956349206349 0.550705467372134 0.6168154761904762 0.5573192239858906 0.6130952380952381 0.5590828924162258 0.6083829365079365 0.5546737213403881 0.607390873015873 0.5476190476190477 0.6103670634920635 0.5396825396825397 0.6148313492063492 0.5388007054673721
0 0.41889880952380953 0.43915343915343913 0.42162698412698413 0.4426807760141093 0.4226190476190476 0.4501763668430335 0.4181547619047619 0.45943562610229277 0.4134424603174603 0.4585537918871252 0.4104662698412698 0.44841269841269843 0.41369047619047616 0.43959435626102294 0.41865079365079366 0.43915343915343913