0 0.4972594246031746 0.5814594356261023 0.004260912698412658 0.007733686067019384
0 0.5182415674603175 0.5785449735449736 0.003933531746031665 0.007614638447971773
0 0.5398164682539682 0.5780070546737214 0.0036532738095237014 0.00685626102292777
0 0.5193080357142857 0.5436243386243387 0.004131944444444409 0.007098765432098726
0 0.5385887896825398 0.5447751322751323 0.004285714285714223 0.007526455026455099
0 0.5621825396825396 0.5499294532627866 0.004050099206349188 0.00715167548500873
0 0.5402058531746032 0.5112610229276896 0.004005456349206259 0.006746031746031826
0 0.5168998015873015 0.5100705467372134 0.004005456349206259 0.0072574955908289406
0 0.5275595238095238 0.4788977072310406 0.003911210317460426 0.007138447971781329
0 0.564077380952381 0.4861331569664903 0.003936011904761878 0.007385361552028218
0 0.49798611111111113 0.5452072310405643 0.003908730158730213 0.006812169312169232
0 0.4996676587301587 0.507989417989418 0.003948412698412717 0.007248677248677273
0 0.487765376984127 0.4725881834215167 0.004243551587301619 0.00822310405643743
0 0.5473487103174602 0.4498456790123457 0.003943452380952291 0.007742504409171052
0 0.5655580357142856 0.4498589065255732 0.004002976190476272 0.00711640211640211
0 0.4752579365079365 0.510079365079365 0.004017857142857097 0.007138447971781329