0 0.49348462301587304 0.6076234567901234 0.004816468253968272 0.008994708994709034
0 0.5180828373015872 0.6040432098765433 0.004722222222222214 0.008417107583774315
0 0.5434002976190475 0.6036552028218695 0.004394841269841333 0.007971781305114606
0 0.5695039682539682 0.5707627865961199 0.0047147817460318 0.008575837742504328
0 0.5419022817460317 0.5645590828924163 0.005109126984127074 0.009175485008818318
0 0.5191592261904762 0.5630952380952381 0.004744543650793678 0.008721340388007143
0 0.49428819444444444 0.5651940035273368 0.004570932539682499 0.008465608465608385
0 0.5437078373015873 0.525299823633157 0.00444196428571425 0.00803350970017628
0 0.5717063492063492 0.4954850088183421 0.004620535714285741 0.008121693121693153
0 0.5165203373015873 0.5239858906525574 0.004548611111111147 0.008677248677248605
0 0.4962847222222222 0.5213712522045856 0.004689980158730123 0.008196649029982428
0 0.4676165674603175 0.5235449735449735 0.004677579365079397 0.008090828924162217
0 0.48235119047619046 0.4795238095238095 0.004732142857142839 0.008584656084655997
0 0.5288616071428571 0.4871649029982364 0.004332837301587364 0.008421516754850047
0 0.5734523809523809 0.45331128747795413 0.004434523809523837 0.00815255731922394
0 0.5519568452380952 0.45306878306878307 0.00439236111111112 0.008562610229276927