0 0.5071924603174603 0.5388183421516755 0.0024404761904762264 0.004766313932980576
0 0.5199875992063493 0.5359171075837743 0.0023487103174603804 0.004506172839506085
0 0.5073363095238095 0.5163888888888889 0.0022817460317459868 0.0042372134038801265
0 0.4929861111111111 0.495789241622575 0.002224702380952331 0.004462081128747747
0 0.5077926587301588 0.493721340388007 0.0025992063492062973 0.004554673721340356
0 0.5184275793650794 0.4943518518518519 0.0026413690476189576 0.004757495590828908
0 0.53265625 0.49446208112874784 0.002309027777777877 0.004184303350969921
0 0.5201488095238095 0.5147751322751323 0.0023784722222222584 0.0044400352733686786
0 0.5319915674603174 0.5147530864197531 0.0026116071428570796 0.0046649029982362995
0 0.5330952380952381 0.53489417989418 0.0022941468253968255 0.004576719576719625
0 0.5465079365079365 0.516768077601411 0.0024032738095237103 0.00473544973544964
0 0.5468204365079365 0.4778615520282187 0.0024330357142858137 0.0044973544973544175
0 0.5244667658730159 0.4750440917107584 0.0024057539682539233 0.004669312169312234
0 0.5361929563492063 0.4565740740740741 0.0024032738095237103 0.0046649029982362995
0 0.547219742063492 0.4557539682539683 0.002346230158730168 0.004351851851851804
0 0.5003298611111111 0.4725485008818342 0.002517361111111134 0.004691358024691302