0 0.5019965277777778 0.4605864197530864 0.0020882936507936687 0.004343033509700136
0 0.5074553571428572 0.4714285714285715 0.0021552579365078936 0.004056437389770643
0 0.515250496031746 0.46096560846560847 0.0020907738095238817 0.004122574955908249
0 0.5218154761904762 0.47000000000000003 0.0020362103174603264 0.0038800705467372937
0 0.5290699404761905 0.4605908289241622 0.002261904761904735 0.004104938271604915
0 0.5346825396825398 0.47112874779541447 0.0019494047619046807 0.003941798941798966
0 0.5430208333333334 0.4615035273368607 0.002147817460317424 0.003977072310405636
0 0.5479811507936508 0.4721560846560846 0.0023139880952380773 0.004047619047618975
0 0.5026934523809523 0.48659171075837737 0.0019717261904761453 0.0036111111111111352
0 0.5090252976190476 0.49871693121693117 0.0021378968253967985 0.003937389770723032
0 0.5183382936507936 0.4891269841269841 0.0022222222222222313 0.004047619047618975
0 0.5227752976190476 0.4986199294532627 0.002304067460317451 0.003985890652557303
0 0.5322767857142857 0.48824955908289236 0.002083333333333243 0.004003527336860638
0 0.5367063492063492 0.49951940035273373 0.002011408730158649 0.0035934744268078
0 0.5447098214285714 0.4902116402116402 0.0019543650793651065 0.003527336860670194
0 0.5498561507936508 0.4994135802469136 0.002083333333333243 0.003271604938271637