0 0.49931299603174606 0.4541225749559083 0.002212301587301605 0.004232804232804192
0 0.5052678571428572 0.4660714285714285 0.0025272817460317595 0.004528218694885354
0 0.5137177579365079 0.4547707231040565 0.00263888888888897 0.004717813051146305
0 0.5209300595238094 0.4646384479717813 0.002259424603174522 0.004378306878306806
0 0.5288789682539683 0.4541887125220458 0.0024404761904762264 0.004091710758377513
0 0.5350248015873016 0.46578483245149915 0.002517361111111021 0.004770723104056509
0 0.5440724206349206 0.45519841269841277 0.0024578373015872656 0.0044885361552027495
0 0.5493973214285715 0.46679012345679016 0.0024231150793651876 0.004607583774250361
0 0.4998859126984127 0.48270282186948854 0.0024454365079365397 0.004144620811287518
0 0.5069915674603175 0.4959611992945326 0.0023115079365079207 0.004620811287477962
0 0.5171428571428571 0.4853130511463845 0.0024702380952381043 0.0044797178130510824
0 0.5219370039682539 0.49583774250440915 0.0024404761904762264 0.004369488536155139
0 0.5323635912698412 0.4843298059964727 0.00223462301587307 0.00441798941798941
0 0.5371081349206349 0.4968606701940036 0.0021106150793651335 0.00424162257495586
0 0.5459201388888889 0.4867504409171076 0.002490079365079356 0.004369488536155139
0 0.5514831349206349 0.4966446208112875 0.0023214285714284904 0.004360670194003471