0 0.24975198412698413 0.2742504409171076 0.2564484126984127 0.2830687830687831 0.25818452380952384 0.2980599647266314 0.25496031746031744 0.30864197530864196 0.24851190476190477 0.3148148148148148 0.24379960317460317 0.31437389770723106 0.2378472222222222 0.30864197530864196 0.234375 0.2923280423280423 0.23859126984126985 0.2786596119929453 0.24404761904761904 0.27380952380952384 0.24950396825396826 0.2742504409171076
0 0.7098214285714286 0.593915343915344 0.7155257936507936 0.5992063492063492 0.71875 0.6115520282186949 0.7172619047619048 0.6243386243386243 0.7100694444444444 0.6327160493827161 0.7018849206349206 0.6300705467372134 0.6961805555555556 0.6159611992945326 0.6969246031746031 0.6058201058201058 0.6999007936507936 0.5983245149911817 0.7095734126984127 0.593915343915344
0 0.7661210317460317 0.6944444444444444 0.7725694444444444 0.6984126984126984 0.7755456349206349 0.7037037037037037 0.7767857142857143 0.7125220458553791 0.7748015873015873 0.7266313932980599 0.7663690476190477 0.7345679012345679 0.7591765873015873 0.7305996472663139 0.753968253968254 0.7160493827160493 0.7552083333333334 0.7028218694885362 0.7599206349206349 0.6962081128747796 0.7658730158730159 0.6944444444444444
0 0.4253472222222222 0.5802469135802469 0.43253968253968256 0.5881834215167548 0.43452380952380953 0.6005291005291006 0.4322916666666667 0.6115520282186949 0.4246031746031746 0.6194885361552028 0.41517857142857145 0.61331569664903 0.41195436507936506 0.5987654320987654 0.4166666666666667 0.5837742504409171 0.42509920634920634 0.5802469135802469
0 0.6205357142857143 0.6944444444444444 0.6282242063492064 0.7006172839506173 0.6316964285714286 0.7129629629629629 0.6294642857142857 0.7270723104056437 0.6207837301587301 0.7345679012345679 0.6130952380952381 0.7292768959435626 0.6091269841269841 0.7182539682539683 0.6106150793650794 0.7028218694885362 0.6160714285714286 0.6957671957671958 0.6202876984126984 0.6944444444444444
0 0.2554563492063492 0.5555555555555556 0.263640873015873 0.5630511463844797 0.265625 0.5771604938271605 0.2619047619047619 0.5890652557319224 0.2552083333333333 0.5943562610229277 0.24751984126984128 0.5903880070546738 0.24479166666666666 0.5850970017636684 0.2435515873015873 0.5758377425044092 0.24603174603174602 0.5630511463844797 0.2552083333333333 0.5555555555555556
0 0.4603174603174603 0.37610229276895946 0.46651785714285715 0.3800705467372134 0.4704861111111111 0.390652557319224 0.4697420634920635 0.4038800705467372 0.466765873015873 0.4109347442680776 0.4615575396825397 0.41534391534391535 0.453125 0.41181657848324515 0.4489087301587302 0.3985890652557319 0.4513888888888889 0.3835978835978836 0.4600694444444444 0.37610229276895946
0 0.392609126984127 0.2786596119929453 0.39880952380952384 0.2861552028218695 0.4010416666666667 0.3002645502645503 0.3978174603174603 0.31216931216931215 0.39037698412698413 0.31922398589065254 0.38467261904761907 0.31746031746031744 0.37996031746031744 0.3117283950617284 0.3774801587301587 0.2958553791887125 0.37971230158730157 0.2857142857142857 0.38293650793650796 0.2808641975308642 0.3923611111111111 0.2786596119929453
0 0.30778769841269843 0.390652557319224 0.31646825396825395 0.3972663139329806 0.3189484126984127 0.4091710758377425 0.3167162698412698 0.421957671957672 0.3090277777777778 0.43077601410934746 0.3003472222222222 0.42724867724867727 0.2958829365079365 0.4144620811287478 0.298859126984127 0.3977072310405644 0.30753968253968256 0.390652557319224
0 0.6912202380952381 0.28174603174603174 0.6969246031746031 0.28835978835978837 0.6984126984126984 0.3073192239858907 0.6939484126984127 0.31790123456790126 0.6860119047619048 0.32275132275132273 0.6770833333333334 0.31437389770723106 0.6750992063492064 0.3073192239858907 0.6750992063492064 0.29541446208112876 0.6775793650793651 0.2879188712522046 0.6825396825396826 0.28174603174603174 0.6909722222222222 0.28174603174603174
0 0.5719246031746031 0.5696649029982364 0.578125 0.5727513227513228 0.5828373015873016 0.5868606701940036 0.5808531746031746 0.6018518518518519 0.5778769841269841 0.6067019400352733 0.5719246031746031 0.609347442680776 0.5654761904761905 0.6058201058201058 0.5620039682539683 0.5987654320987654 0.5607638888888888 0.58994708994709 0.5639880952380952 0.576278659611993 0.5716765873015873 0.5696649029982364
0 0.4712301587301587 0.6847442680776014 0.4789186507936508 0.6935626102292769 0.4806547619047619 0.7076719576719577 0.47693452380952384 0.7195767195767195 0.47098214285714285 0.7244268077601411 0.4632936507936508 0.7213403880070547 0.45882936507936506 0.7076719576719577 0.46056547619047616 0.6926807760141094 0.4662698412698413 0.6851851851851852 0.47098214285714285 0.6847442680776014
0 0.5391865079365079 0.27336860670194 0.5463789682539683 0.2830687830687831 0.5471230158730159 0.2962962962962963 0.542906746031746 0.3082010582010582 0.5379464285714286 0.31216931216931215 0.5295138888888888 0.30864197530864196 0.5255456349206349 0.2927689594356261 0.5295138888888888 0.2777777777777778 0.5389384920634921 0.27336860670194
0 0.5992063492063492 0.3862433862433862 0.605406746031746 0.390652557319224 0.609375 0.404320987654321 0.607390873015873 0.4175485008818342 0.5997023809523809 0.42592592592592593 0.5920138888888888 0.4228395061728395 0.5873015873015873 0.41005291005291006 0.5895337301587301 0.3941798941798942 0.5989583333333334 0.3862433862433862
0 0.7415674603174603 0.3941798941798942 0.7495039682539683 0.4007936507936508 0.7524801587301587 0.4175485008818342 0.7497519841269841 0.42901234567901236 0.7413194444444444 0.4365079365079365 0.7333829365079365 0.43253968253968256 0.7284226190476191 0.41887125220458554 0.7306547619047619 0.4025573192239859 0.7351190476190477 0.39638447971781304 0.7413194444444444 0.3941798941798942
0 0.32862103174603174 0.6882716049382716 0.33407738095238093 0.699294532627866 0.3343253968253968 0.708994708994709 0.33134920634920634 0.718694885361552 0.3246527777777778 0.7257495590828924 0.3189484126984127 0.7244268077601411 0.31398809523809523 0.716931216931217 0.3125 0.7019400352733686 0.31398809523809523 0.6948853615520282 0.31919642857142855 0.687389770723104 0.32837301587301587 0.6882716049382716