0 0.46971478174603176 0.5144532627865961 0.004193948412698377 0.007544091710758433
0 0.48345238095238097 0.47351851851851856 0.004501488095238117 0.00811728395061722
0 0.49637152777777777 0.5122751322751322 0.004174107142857124 0.00750440917107583
0 0.494469246031746 0.5528703703703705 0.004360119047619029 0.007724867724867717
0 0.5177108134920635 0.551278659611993 0.004300595238095274 0.007733686067019384
0 0.5151165674603174 0.5145899470899471 0.004109623015872943 0.00787037037037033
0 0.5266641865079366 0.4806216931216931 0.004030257936507937 0.007755731922398653
0 0.5481919642857143 0.44899911816578486 0.004337797619047565 0.0077292768959435505
0 0.5682886904761905 0.4489770723104056 0.003985615079365007 0.007676366843033496
0 0.5664955357142858 0.48861552028218697 0.004193948412698377 0.008126102292768887
0 0.5404712301587301 0.5160229276895943 0.003878968253968335 0.0075396825396825
0 0.5645486111111112 0.5581657848324515 0.004491567460317379 0.0076587301587301105
0 0.5387450396825396 0.552689594356261 0.00442460317460321 0.008425925925925982
0 0.4935887896825397 0.5926014109347443 0.004598214285714277 0.008703703703703608
0 0.5165873015873016 0.5891931216931217 0.004055059523809614 0.007927689594356269
0 0.5400372023809523 0.5887081128747795 0.004211309523809416 0.0076675485008817785