0 0.5121527777777778 0.6137566137566137 0.5171130952380952 0.6164021164021164 0.5186011904761905 0.6221340388007055 0.5171130952380952 0.6283068783068783 0.5119047619047619 0.6309523809523809 0.5094246031746031 0.6265432098765432 0.5089285714285714 0.6199294532627866 0.5119047619047619 0.6141975308641975
0 0.5124007936507936 0.6922398589065256 0.5163690476190477 0.6988536155202821 0.5153769841269841 0.7067901234567902 0.5126488095238095 0.7094356261022927 0.5089285714285714 0.7085537918871252 0.5069444444444444 0.70326278659612 0.5084325396825397 0.6948853615520282 0.5121527777777778 0.6922398589065256
0 0.6118551587301587 0.6283068783068783 0.6158234126984127 0.6371252204585538 0.613343253968254 0.6437389770723104 0.6098710317460317 0.6450617283950617 0.6061507936507936 0.640652557319224 0.6056547619047619 0.6327160493827161 0.6083829365079365 0.6283068783068783 0.6116071428571429 0.6283068783068783
0 0.5329861111111112 0.4691358024691358 0.5362103174603174 0.47663139329806 0.533234126984127 0.48544973544973546 0.5295138888888888 0.48500881834215165 0.5267857142857143 0.4783950617283951 0.5287698412698413 0.47001763668430335 0.5327380952380952 0.4691358024691358
0 0.6190476190476191 0.40299823633156967 0.6215277777777778 0.4074074074074074 0.6215277777777778 0.4122574955908289 0.6180555555555556 0.4184303350970018 0.6138392857142857 0.4175485008818342 0.6125992063492064 0.4087301587301587 0.6138392857142857 0.404320987654321 0.6187996031746031 0.40299823633156967
0 0.44320436507936506 0.45458553791887124 0.4459325396825397 0.4567901234567901 0.4476686507936508 0.4638447971781305 0.4461805555555556 0.47001763668430335 0.4427083333333333 0.4731040564373898 0.439484126984127 0.4713403880070547 0.43725198412698413 0.4634038800705467 0.439484126984127 0.45634920634920634 0.4429563492063492 0.45458553791887124
0 0.4670138888888889 0.6177248677248677 0.470734126984127 0.6261022927689595 0.46750992063492064 0.6340388007054674 0.4632936507936508 0.6335978835978836 0.46130952380952384 0.6265432098765432 0.4635416666666667 0.6186067019400353 0.466765873015873 0.6177248677248677
0 0.5101686507936508 0.5392416225749559 0.5124007936507936 0.5476190476190477 0.5119047619047619 0.5524691358024691 0.5091765873015873 0.5555555555555556 0.5052083333333334 0.5546737213403881 0.5032242063492064 0.544973544973545 0.5054563492063492 0.5396825396825397 0.5099206349206349 0.5392416225749559
0 0.6143353174603174 0.48368606701940037 0.6183035714285714 0.4876543209876543 0.6187996031746031 0.49382716049382713 0.6175595238095238 0.4982363315696649 0.6138392857142857 0.5004409171075838 0.6101190476190477 0.4982363315696649 0.6091269841269841 0.49029982363315694 0.6140873015873016 0.48368606701940037
0 0.5793650793650794 0.404320987654321 0.5806051587301587 0.41534391534391535 0.5783730158730159 0.4201940035273369 0.5724206349206349 0.41887125220458554 0.5711805555555556 0.4096119929453263 0.5744047619047619 0.4025573192239859 0.5791170634920635 0.404320987654321
0 0.4149305555555556 0.5392416225749559 0.4193948412698413 0.5462962962962963 0.4181547619047619 0.5533509700176367 0.4154265873015873 0.5559964726631393 0.4114583333333333 0.5551146384479718 0.4089781746031746 0.5471781305114638 0.41121031746031744 0.541005291005291 0.4146825396825397 0.5392416225749559
0 0.5602678571428571 0.6177248677248677 0.5622519841269841 0.6265432098765432 0.5575396825396826 0.6340388007054674 0.5520833333333334 0.6300705467372134 0.5518353174603174 0.623015873015873 0.5538194444444444 0.6172839506172839 0.5600198412698413 0.6177248677248677
0 0.560515873015873 0.691358024691358 0.564484126984127 0.6957671957671958 0.5632440476190477 0.7063492063492064 0.5572916666666666 0.7076719576719577 0.5553075396825397 0.7028218694885362 0.5560515873015873 0.6957671957671958 0.5602678571428571 0.6917989417989417
0 0.466765873015873 0.7001763668430335 0.46899801587301587 0.7107583774250441 0.46478174603174605 0.7173721340388007 0.4600694444444444 0.7138447971781305 0.45907738095238093 0.7059082892416225 0.4625496031746032 0.6997354497354498 0.46651785714285715 0.7001763668430335
0 0.5617559523809523 0.5418871252204586 0.564484126984127 0.5454144620811288 0.5649801587301587 0.550705467372134 0.5612599206349206 0.5577601410934744 0.5570436507936508 0.5568783068783069 0.5558035714285714 0.54673721340388 0.5577876984126984 0.5423280423280423 0.5615079365079365 0.5418871252204586
0 0.47098214285714285 0.5352733686067019 0.4742063492063492 0.5436507936507936 0.4704861111111111 0.5520282186948854 0.4670138888888889 0.550705467372134 0.4645337301587302 0.5414462081128748 0.46651785714285715 0.5361552028218695 0.470734126984127 0.5352733686067019