0 0.4680059523809524 0.5202821869488536 0.4712301587301587 0.5233686067019401 0.47197420634920634 0.5295414462081128 0.46726190476190477 0.5352733686067019 0.46403769841269843 0.5321869488536155 0.46304563492063494 0.5260141093474426 0.4677579365079365 0.5202821869488536
0 0.44320436507936506 0.4506172839506173 0.4476686507936508 0.4559082892416226 0.4466765873015873 0.4638447971781305 0.4439484126984127 0.4669312169312169 0.4412202380952381 0.46649029982363316 0.43898809523809523 0.46164021164021163 0.439484126984127 0.4541446208112875 0.4429563492063492 0.4506172839506173
0 0.5935019841269841 0.4775132275132275 0.009424603174603174 0.015873015873015872
0 0.5922619047619048 0.595679012345679 0.5967261904761905 0.6014109347442681 0.5959821428571429 0.6084656084656085 0.5925099206349206 0.6111111111111112 0.5877976190476191 0.6058201058201058 0.5890376984126984 0.5983245149911817 0.5920138888888888 0.595679012345679
0 0.5476190476190477 0.5890652557319224 0.5503472222222222 0.595679012345679 0.546875 0.6040564373897708 0.5431547619047619 0.6031746031746031 0.5411706349206349 0.5952380952380952 0.5434027777777778 0.5886243386243386 0.5473710317460317 0.5890652557319224
0 0.5037202380952381 0.5229276895943563 0.5062003968253969 0.5321869488536155 0.5024801587301587 0.5379188712522046 0.4990079365079365 0.5365961199294532 0.4972718253968254 0.5291005291005291 0.4992559523809524 0.5229276895943563 0.5034722222222222 0.5229276895943563
0 0.46750992063492064 0.6653439153439153 0.47023809523809523 0.6759259259259259 0.4670138888888889 0.681657848324515 0.4623015873015873 0.6807760141093474 0.4603174603174603 0.6715167548500882 0.4632936507936508 0.6649029982363316 0.46726190476190477 0.6653439153439153
0 0.5594766865079365 0.40809082892416226 0.007423115079365152 0.013668430335097001
0 0.5215550595238095 0.46743827160493834 0.007175099206349279 0.01332451499118157
0 0.547609126984127 0.5300440917107584 0.0069072420634921534 0.013262786596119897
0 0.5495089285714285 0.6609082892416226 0.006929563492063393 0.012923280423280399
0 0.5069419642857144 0.6638888888888889 0.007108134920634941 0.013611111111111063
0 0.5955679563492063 0.4052116402116402 0.0069816468253967355 0.013187830687830724
0 0.5075248015873016 0.5951410934744268 0.007465277777777756 0.01386684303350962
0 0.4659771825396825 0.6002865961199295 0.007251984126984073 0.013597883597883663
0 0.41975694444444445 0.5339153439153439 0.006879960317460263 0.01332451499118157