0 0.5407390873015874 0.460326278659612 0.0018750000000000992 0.003981481481481569
0 0.532281746031746 0.46096119929453266 0.0018576388888888347 0.0034700176366842554
0 0.5404365079365079 0.47735008818342156 0.0019394841269840548 0.003822751322751355
0 0.5401314484126984 0.5072574955908289 0.0019990079365080357 0.0038624338624339586
0 0.529796626984127 0.5211463844797178 0.0020734126984126174 0.003977072310405636
0 0.5197197420634921 0.5219753086419753 0.00183035714285717 0.0038492063492063574
0 0.50984375 0.5241358024691358 0.002150297619047637 0.004003527336860638
0 0.5198883928571428 0.5058068783068783 0.0019965277777778227 0.0036331569664902036
0 0.5290104166666666 0.5056261022927689 0.002008928571428662 0.003567019400352798
0 0.5099255952380952 0.5069753086419753 0.0019816468253967714 0.0038932980599646946
0 0.498859126984127 0.4910493827160494 0.0017658730158729887 0.003567019400352798
0 0.5044494047619048 0.4730379188712522 0.00207341269841273 0.0038315696649030223
0 0.5103472222222222 0.48946208112874773 0.001991567460317397 0.0036596119929454066
0 0.5184350198412698 0.4900529100529101 0.0019370039682540675 0.003950617283950633
0 0.5294419642857143 0.4901499118165785 0.0018700396825396734 0.003544973544973529
0 0.5232068452380952 0.475299823633157 0.0021106150793651335 0.003888888888888961