0 0.4911532738095238 0.6128218694885362 0.005133928571428526 0.009541446208112819
0 0.5176810515873016 0.6084832451499118 0.004650297619047619 0.009087301587301644
0 0.4921577380952381 0.5668077601410935 0.004647817460317406 0.008575837742504328
0 0.5188095238095238 0.5647354497354498 0.004952876984127047 0.009497354497354482
0 0.5448685515873015 0.6080643738977072 0.004598214285714277 0.008562610229276927
0 0.5731051587301588 0.5725352733686067 0.004871031746031827 0.008655202821869537
0 0.5432316468253968 0.5660626102292768 0.005062003968253933 0.008981481481481434
0 0.5451512896825397 0.5240123456790123 0.004546130952380934 0.008677248677248605
0 0.5159201388888889 0.5226102292768959 0.004861111111111201 0.009038800705467372
0 0.4941468253968254 0.5199074074074075 0.004895833333333279 0.00837742504409171
0 0.5290525793650793 0.4832098765432099 0.004627976190476155 0.00864638447971787
0 0.575235615079365 0.49203703703703705 0.004858630952380988 0.008915343915343828
0 0.5770709325396826 0.4465520282186949 0.004794146825396807 0.00869488536155204
0 0.5539955357142857 0.44653880070546736 0.005064484126984145 0.008981481481481434
0 0.463375496031746 0.522557319223986 0.004712301587301587 0.008690476190476207
0 0.47919146825396824 0.4751851851851852 0.005146329365079365 0.009440035273368542