0 0.47172619047619047 0.4554673721340388 0.4729662698412698 0.4634038800705467 0.4704861111111111 0.46649029982363316 0.46726190476190477 0.4656084656084656 0.4662698412698413 0.45987654320987653 0.4680059523809524 0.4554673721340388 0.4714781746031746 0.4554673721340388
0 0.5751488095238095 0.5083774250440917 0.5763888888888888 0.5158730158730159 0.5746527777777778 0.5189594356261023 0.5711805555555556 0.5185185185185185 0.5701884920634921 0.5114638447971781 0.5711805555555556 0.5083774250440917 0.5749007936507936 0.5083774250440917
0 0.5300099206349206 0.42416225749559083 0.5324900793650794 0.42724867724867727 0.5327380952380952 0.43209876543209874 0.5297619047619048 0.43606701940035275 0.5260416666666666 0.43209876543209874 0.5265376984126984 0.42680776014109345 0.5297619047619048 0.42416225749559083
0 0.5513392857142857 0.5335097001763669 0.5540674603174603 0.5396825396825397 0.5510912698412699 0.544973544973545 0.5473710317460317 0.5401234567901234 0.5510912698412699 0.5335097001763669
0 0.5396825396825397 0.5017636684303352 0.5416666666666666 0.5052910052910053 0.5399305555555556 0.5127865961199295 0.5364583333333334 0.5123456790123457 0.535218253968254 0.5088183421516755 0.5364583333333334 0.5022045855379189 0.5394345238095238 0.5017636684303352
0 0.45634920634920634 0.4246031746031746 0.4573412698412698 0.43253968253968256 0.453125 0.4365079365079365 0.4506448412698413 0.4281305114638448 0.45287698412698413 0.4237213403880071 0.45610119047619047 0.4246031746031746
0 0.5120287698412699 0.5372574955908289 0.006696428571428571 0.011904761904761904
0 0.49231150793650796 0.42548500881834217 0.4945436507936508 0.43253968253968256 0.4913194444444444 0.43783068783068785 0.48834325396825395 0.4351851851851852 0.4878472222222222 0.4294532627865961 0.49206349206349204 0.42548500881834217
0 0.5106646825396826 0.4514991181657848 0.5121527777777778 0.4603174603174603 0.5089285714285714 0.46296296296296297 0.5062003968253969 0.45634920634920634 0.5084325396825397 0.45105820105820105 0.5104166666666666 0.4514991181657848
0 0.5818452380952381 0.45634920634920634 0.5855654761904762 0.4607583774250441 0.5850694444444444 0.46649029982363316 0.5825892857142857 0.468694885361552 0.5788690476190477 0.4642857142857143 0.5815972222222222 0.45634920634920634
0 0.5014880952380952 0.5048500881834215 0.5029761904761905 0.5083774250440917 0.5014880952380952 0.5158730158730159 0.498015873015873 0.5158730158730159 0.4962797619047619 0.5119047619047619 0.498015873015873 0.5048500881834215 0.5012400793650794 0.5048500881834215
0 0.47643849206349204 0.5326278659611993 0.47693452380952384 0.5396825396825397 0.4739583333333333 0.5427689594356261 0.470734126984127 0.5396825396825397 0.47098214285714285 0.5339506172839507 0.4732142857142857 0.531305114638448 0.47619047619047616 0.5326278659611993
0 0.5890376984126984 0.5339506172839507 0.5907738095238095 0.5401234567901234 0.5887896825396826 0.5445326278659612 0.5845734126984127 0.5405643738977073 0.5850694444444444 0.5348324514991182 0.5887896825396826 0.5339506172839507
0 0.45783730158730157 0.49779541446208114 0.45907738095238093 0.5048500881834215 0.4568452380952381 0.5083774250440917 0.453125 0.5070546737213404 0.45262896825396826 0.5013227513227513 0.45436507936507936 0.49779541446208114 0.4575892857142857 0.49779541446208114
0 0.5466269841269841 0.4541446208112875 0.548859126984127 0.45943562610229277 0.5466269841269841 0.4660493827160494 0.5434027777777778 0.46472663139329806 0.5424107142857143 0.45987654320987653 0.5436507936507936 0.45458553791887124 0.5463789682539683 0.4541446208112875
0 0.5687003968253969 0.42724867724867727 0.5716765873015873 0.43253968253968256 0.5684523809523809 0.43915343915343913 0.5652281746031746 0.43562610229276894 0.5659722222222222 0.42901234567901236 0.5684523809523809 0.42724867724867727