0 0.4827703373015873 0.44416666666666665 0.004156746031746086 0.007517636684303331
0 0.4928174603174603 0.46366843033509697 0.0035540674603174423 0.007032627865961119
0 0.5067559523809524 0.44496913580246916 0.003916170634920682 0.007773368606701988
0 0.5186383928571429 0.4612830687830688 0.003958333333333342 0.007195767195767268
0 0.5317832341269841 0.4438888888888889 0.003745039682539773 0.0069664902998236135
0 0.5423660714285715 0.4629805996472663 0.0037103174603174693 0.006556437389770675
0 0.5571676587301587 0.44568342151675483 0.004285714285714223 0.007411816578483221
0 0.5662475198412699 0.46522045855379185 0.00402033730158731 0.007451499118165825
0 0.5603323412698413 0.49783509700176365 0.0038020833333333153 0.007164902998236331
0 0.5696850198412698 0.5148589065255732 0.0038293650793649802 0.006662257495590885
0 0.5457465277777778 0.5150970017636685 0.003908730158730213 0.007138447971781329
0 0.5378125 0.49431216931216926 0.0036879960317460045 0.006847442680776103
0 0.5205034722222223 0.5135493827160494 0.0039012896825395744 0.0071869488536156
0 0.5123536706349207 0.49583774250440915 0.004007936507936472 0.007204585537918935
0 0.49556299603174603 0.5137125220458554 0.003993055555555533 0.007063492063492056
0 0.48393353174603176 0.49162698412698413 0.0037053571428571565 0.006865079365079438