0 0.6398809523809523 0.3549382716049383 0.6428571428571429 0.359347442680776 0.6433531746031746 0.3664021164021164 0.6408730158730159 0.373015873015873 0.6376488095238095 0.3752204585537919 0.6334325396825397 0.37433862433862436 0.6309523809523809 0.36243386243386244 0.6336805555555556 0.3558201058201058 0.6396329365079365 0.3549382716049383
0 0.501984126984127 0.7464726631393298 0.5054563492063492 0.7477954144620811 0.5086805555555556 0.7548500881834215 0.5084325396825397 0.7619047619047619 0.5049603174603174 0.7685185185185185 0.5 0.767636684303351 0.49702380952380953 0.7623456790123457 0.498015873015873 0.75 0.5017361111111112 0.7464726631393298
0 0.5049603174603174 0.642416225749559 0.5096726190476191 0.6481481481481481 0.5091765873015873 0.6609347442680776 0.5042162698412699 0.6649029982363316 0.4982638888888889 0.6574074074074074 0.49875992063492064 0.6472663139329806 0.5047123015873016 0.6428571428571429
0 0.408234126984127 0.43562610229276894 0.4126984126984127 0.44312169312169314 0.4117063492063492 0.4537037037037037 0.408234126984127 0.4585537918871252 0.4027777777777778 0.45634920634920634 0.40054563492063494 0.4497354497354497 0.4020337301587302 0.43915343915343913 0.4079861111111111 0.43562610229276894
0 0.44320436507936506 0.6512345679012346 0.4461805555555556 0.6556437389770723 0.4469246031746032 0.6640211640211641 0.4427083333333333 0.6723985890652557 0.43725198412698413 0.6710758377425045 0.43452380952380953 0.6618165784832452 0.4375 0.6521164021164021 0.4429563492063492 0.6512345679012346
0 0.498015873015873 0.5436507936507936 0.5012400793650794 0.5542328042328042 0.5002480158730159 0.560405643738977 0.4972718253968254 0.564373897707231 0.4915674603174603 0.562610229276896 0.48908730158730157 0.5524691358024691 0.49107142857142855 0.544973544973545 0.49776785714285715 0.5436507936507936
0 0.5642361111111112 0.5436507936507936 0.5674603174603174 0.5454144620811288 0.5699404761904762 0.5529100529100529 0.5689484126984127 0.560405643738977 0.5652281746031746 0.564373897707231 0.5602678571428571 0.562610229276896 0.5582837301587301 0.5551146384479718 0.5595238095238095 0.54673721340388 0.5639880952380952 0.5436507936507936
0 0.3705357142857143 0.5498236331569665 0.375 0.5533509700176367 0.3767361111111111 0.5599647266313933 0.3757440476190476 0.5670194003527337 0.3725198412698413 0.5709876543209876 0.36731150793650796 0.5687830687830688 0.3645833333333333 0.560405643738977 0.36607142857142855 0.5537918871252204 0.37028769841269843 0.5498236331569665
0 0.6336805555555556 0.6547619047619048 0.6369047619047619 0.6569664902998237 0.6391369047619048 0.6640211640211641 0.638640873015873 0.671957671957672 0.6344246031746031 0.6768077601410935 0.6287202380952381 0.6750440917107584 0.6267361111111112 0.6697530864197531 0.6277281746031746 0.66005291005291 0.6334325396825397 0.6547619047619048
0 0.5617559523809523 0.6432980599647267 0.5654761904761905 0.6450617283950617 0.5679563492063492 0.6538800705467372 0.5662202380952381 0.6626984126984127 0.5625 0.6657848324514991 0.5575396825396826 0.6635802469135802 0.5548115079365079 0.6552028218694885 0.5565476190476191 0.6472663139329806 0.5615079365079365 0.6432980599647267
0 0.5282738095238095 0.4506172839506173 0.5305059523809523 0.4625220458553792 0.5262896825396826 0.4704585537918871 0.5200892857142857 0.4669312169312169 0.5186011904761905 0.45987654320987653 0.5218253968253969 0.4506172839506173 0.5280257936507936 0.4506172839506173
0 0.5674603174603174 0.7425044091710759 0.5726686507936508 0.7486772486772487 0.5731646825396826 0.7548500881834215 0.5711805555555556 0.7619047619047619 0.5639880952380952 0.7641093474426808 0.5610119047619048 0.7583774250440917 0.5620039682539683 0.7477954144620811 0.5672123015873016 0.7429453262786596
0 0.5840773809523809 0.359347442680776 0.5885416666666666 0.3664021164021164 0.5882936507936508 0.37433862433862436 0.5840773809523809 0.38051146384479717 0.5788690476190477 0.3787477954144621 0.576140873015873 0.37213403880070545 0.578125 0.3619929453262787 0.5838293650793651 0.359347442680776
0 0.6374007936507936 0.4634038800705467 0.6401289682539683 0.4669312169312169 0.6411210317460317 0.4757495590828924 0.6378968253968254 0.48324514991181655 0.6344246031746031 0.48500881834215165 0.6294642857142857 0.48059964726631393 0.6284722222222222 0.4704585537918871 0.6321924603174603 0.4634038800705467 0.6371527777777778 0.4634038800705467
0 0.4446924603174603 0.5405643738977073 0.44816468253968256 0.5427689594356261 0.4503968253968254 0.550705467372134 0.4479166666666667 0.5582010582010583 0.44320436507936506 0.5612874779541446 0.4392361111111111 0.5573192239858906 0.4375 0.5502645502645502 0.4392361111111111 0.5432098765432098 0.4444444444444444 0.5405643738977073
0 0.4392361111111111 0.7588183421516755 0.44494047619047616 0.7623456790123457 0.4466765873015873 0.7689594356261023 0.4461805555555556 0.777336860670194 0.4412202380952381 0.783068783068783 0.4347718253968254 0.7791005291005291 0.4337797619047619 0.7663139329805997 0.43898809523809523 0.7592592592592593