0 0.402778 0.586199 0.0138889 0.0365961 0.0236467
0 0.849826 0.749118 0.0220734 0.0308642 0.0521474
0 0.128348 0.143739 0.0295139 0.0537919 0.803548
0 0.673115 0.145282 0.0282738 0.0498236 0.815007
0 0.496776 0.420414 0.03125 0.0498236 0.824009
0 0.671627 0.706349 0.0292659 0.0502645 0.830499
0 0.332961 0.126323 0.031002 0.0515873 0.840011
0 0.328621 0.435185 0.015873 0.0511464 0.848495
0 0.490079 0.708113 0.0297619 0.0511464 0.851392
0 0.477183 0.13955 0.030754 0.0559965 0.854023
0 0.316716 0.737654 0.030754 0.0582011 0.868724
0 0.868304 0.466711 0.0272817 0.0507055 0.87141
0 0.660094 0.427028 0.031994 0.0559965 0.903469
