0 0.49714285714285716 0.4578835978835979 0.0028720238095237913 0.004969135802469128
0 0.5037946428571428 0.4709391534391534 0.002849702380952327 0.0046649029982362995
0 0.5131646825396825 0.4582627865961199 0.0030580357142856963 0.004907407407407456
0 0.5210292658730159 0.469320987654321 0.0027033730158729256 0.005242504409171019
0 0.49789186507936506 0.48945326278659607 0.0025272817460317595 0.004929453262786524
0 0.505577876984127 0.5040696649029982 0.0025843253968254147 0.0050308641975308
0 0.5168030753968254 0.4923897707231041 0.0025198412698412337 0.004814814814814847
0 0.5220535714285715 0.503968253968254 0.0023015873015872386 0.004554673721340356
0 0.5336830357142857 0.4912301587301587 0.002738095238095229 0.004669312169312234
0 0.5388541666666666 0.5051499118165785 0.0023586309523810065 0.004744268077601507
0 0.5367286706349207 0.4709391534391534 0.0023933531746030846 0.0046649029982362995
0 0.5297147817460317 0.4578571428571429 0.0024578373015872656 0.004638447971781297
0 0.546671626984127 0.45905643738977076 0.0025223214285714467 0.005132275132275076
0 0.5524950396825397 0.4718959435626102 0.002839781746031701 0.004947089947089859
0 0.5486061507936508 0.49392857142857144 0.0025620039682539503 0.004898589065255788
0 0.5547420634920635 0.5049911816578483 0.002738095238095229 0.004969135802469128