0 0.5055902777777778 0.4675176366843033 0.0016220238095238004 0.0032804232804233046
0 0.5103249007936508 0.4765961199294533 0.0017733134920634018 0.003544973544973529
0 0.5167063492063493 0.4678395061728395 0.0018998015873015511 0.0035405643738977955
0 0.5222792658730159 0.47570105820105824 0.0017981150793650793 0.0032804232804233046
0 0.5284102182539683 0.4674779541446208 0.0016393849206348394 0.0033950617283949815
0 0.5331770833333334 0.47641975308641976 0.0018576388888888347 0.003386243386243314
0 0.5401091269841269 0.46839947089947087 0.001904761904761977 0.0033333333333333093
0 0.5442906746031746 0.4772134038800705 0.0020238095238094876 0.0038315696649030223
0 0.5061334325396826 0.489510582010582 0.0017435515873016369 0.0031040564373897546
0 0.5114583333333332 0.4997883597883598 0.0016840277777777687 0.003095238095238087
0 0.5193526785714286 0.4915961199294533 0.0020535714285713656 0.003461199294532588
0 0.5230902777777777 0.49977513227513226 0.0017113095238094336 0.0032583774250440354
0 0.5311631944444445 0.4907627865961199 0.0015773809523808712 0.0029409171075838064
0 0.5347271825396825 0.5004409171075838 0.0016344246031746393 0.003253968253968302
0 0.5415724206349206 0.4925661375661376 0.0018328373015873828 0.0033068783068783067
0 0.5459598214285715 0.5002645502645502 0.0017187500000000722 0.003284832451499038