0 0.6101190476190477 0.41622574955908287 0.6121031746031746 0.42592592592592593 0.6096230158730159 0.4298941798941799 0.6049107142857143 0.42857142857142855 0.6039186507936508 0.4210758377425044 0.6063988095238095 0.41622574955908287 0.6098710317460317 0.41622574955908287
0 0.5342261904761905 0.4739858906525573 0.5376984126984127 0.47971781305114636 0.5369543650793651 0.486331569664903 0.5344742063492064 0.4880952380952381 0.5310019841269841 0.48721340388007056 0.5295138888888888 0.48324514991181655 0.5300099206349206 0.47707231040564374 0.5339781746031746 0.4739858906525573
0 0.572296626984127 0.4243827160493827 0.008680555555555556 0.016313932980599646
0 0.5190972222222222 0.6000881834215167 0.5215773809523809 0.6027336860670194 0.5223214285714286 0.6097883597883598 0.5188492063492064 0.6150793650793651 0.515625 0.6137566137566137 0.5138888888888888 0.6084656084656085 0.515625 0.6005291005291006 0.5188492063492064 0.6000881834215167
0 0.4593253968253968 0.46296296296296297 0.46081349206349204 0.47178130511463845 0.4573412698412698 0.4775132275132275 0.45287698412698413 0.4748677248677249 0.4521329365079365 0.4673721340388007 0.4541170634920635 0.4625220458553792 0.45907738095238093 0.46296296296296297
0 0.4774305555555556 0.6027336860670194 0.4809027777777778 0.6084656084656085 0.4806547619047619 0.6137566137566137 0.47767857142857145 0.6177248677248677 0.4739583333333333 0.6172839506172839 0.4724702380952381 0.6124338624338624 0.47371031746031744 0.6044973544973545 0.4771825396825397 0.6027336860670194
0 0.5607638888888888 0.5374779541446209 0.5629960317460317 0.5432098765432098 0.560515873015873 0.5511463844797179 0.5562996031746031 0.5502645502645502 0.5545634920634921 0.5436507936507936 0.5567956349206349 0.5374779541446209 0.560515873015873 0.5374779541446209
0 0.43278769841269843 0.5357142857142857 0.4365079365079365 0.5432098765432098 0.4322916666666667 0.5502645502645502 0.42857142857142855 0.5480599647266314 0.4273313492063492 0.541005291005291 0.4288194444444444 0.5370370370370371 0.43253968253968256 0.5357142857142857
0 0.4755704365079365 0.6827601410934744 0.008680555555555556 0.016313932980599646
0 0.6034226190476191 0.6124338624338624 0.6066468253968254 0.6203703703703703 0.6056547619047619 0.6252204585537919 0.6026785714285714 0.626984126984127 0.5989583333333334 0.6247795414462081 0.5984623015873016 0.6164021164021164 0.5999503968253969 0.6128747795414462 0.6031746031746031 0.6124338624338624
0 0.5572916666666666 0.6018518518518519 0.5607638888888888 0.6084656084656085 0.5575396825396826 0.6172839506172839 0.5535714285714286 0.6172839506172839 0.5510912698412699 0.6128747795414462 0.5520833333333334 0.6044973544973545 0.5570436507936508 0.6018518518518519
0 0.5587797619047619 0.6675485008818343 0.5607638888888888 0.667989417989418 0.5629960317460317 0.6750440917107584 0.560515873015873 0.6812169312169312 0.5577876984126984 0.6820987654320988 0.5553075396825397 0.6794532627865961 0.5548115079365079 0.6715167548500882 0.558531746031746 0.6675485008818343
0 0.5128968253968254 0.5343915343915344 0.5171130952380952 0.5392416225749559 0.5163690476190477 0.54673721340388 0.5141369047619048 0.548941798941799 0.5109126984126984 0.5485008818342152 0.5091765873015873 0.5440917107583775 0.5099206349206349 0.5365961199294532 0.5126488095238095 0.5343915343915344
0 0.5158730158730159 0.6675485008818343 0.5188492063492064 0.6688712522045855 0.5208333333333334 0.6746031746031746 0.5193452380952381 0.681657848324515 0.5158730158730159 0.6838624338624338 0.5119047619047619 0.677689594356261 0.5124007936507936 0.6715167548500882 0.515625 0.6675485008818343
0 0.4809027777777778 0.531305114638448 0.48387896825396826 0.5383597883597884 0.4809027777777778 0.5458553791887125 0.4774305555555556 0.5454144620811288 0.4751984126984127 0.5396825396825397 0.4774305555555556 0.5317460317460317 0.4806547619047619 0.531305114638448
0 0.6063988095238095 0.48677248677248675 0.6091269841269841 0.49029982363315694 0.609375 0.4964726631393298 0.6061507936507936 0.5017636684303352 0.6024305555555556 0.5008818342151675 0.6009424603174603 0.49514991181657847 0.6026785714285714 0.4880952380952381 0.6061507936507936 0.48677248677248675