0 0.540923 0.666446 0.00793651 0.0127866 0.0484688
0 0.471106 0.507275 0.0062004 0.0145503 0.0552529
0 0.445561 0.186067 0.00818452 0.0141093 0.0662036
0 0.575893 0.824074 0.0109127 0.0202822 0.0706438
0 0.444692 0.595238 0.00992064 0.0220459 0.0755243
0 0.361855 0.372795 0.00744048 0.0163139 0.246331
0 0.59871 0.402998 0.0119048 0.0238095 0.354815
0 0.650298 0.732143 0.00992064 0.0207231 0.552619
0 0.49938 0.600309 0.0131448 0.0216049 0.678309
0 0.53373 0.498677 0.0109127 0.0202822 0.680569
0 0.654018 0.520723 0.0119048 0.021164 0.738955
0 0.575521 0.603395 0.0111607 0.0198413 0.741734
0 0.363467 0.601411 0.0121528 0.0202822 0.746372
0 0.504588 0.824515 0.0116567 0.021164 0.751286
0 0.536706 0.251102 0.00992064 0.0216049 0.757484
0 0.507564 0.710097 0.0126488 0.0233686 0.797623
0 0.438244 0.714947 0.0124008 0.0198413 0.800926
0 0.404514 0.479056 0.0128968 0.0242504 0.810125
0 0.436136 0.834877 0.0126488 0.0242504 0.820221
0 0.570064 0.714286 0.0136409 0.0229277 0.822963
0 0.658358 0.402116 0.0121528 0.0202822 0.829137
