0 0.041949 0.344437 0.016577 0.025055
0 0.041607 0.437307 0.016815 0.024857
0 0.048348 0.512163 0.015640 0.025232
0 0.103110 0.514415 0.015372 0.025651
0 0.104494 0.436954 0.014494 0.024128
0 0.097262 0.343422 0.015580 0.024371
0 0.151682 0.348808 0.016429 0.025651
0 0.155149 0.432208 0.015149 0.023289
0 0.156592 0.519558 0.016205 0.026468
0 0.207753 0.353377 0.015134 0.022561
0 0.205506 0.437925 0.017024 0.024702
0 0.207857 0.519095 0.015327 0.024194
0 0.251592 0.357792 0.014062 0.021898
0 0.262574 0.438124 0.014985 0.023775
0 0.263467 0.522053 0.014940 0.023289
