0 0.007909 0.313598 0.015818 0.026954
0 0.007414 0.427241 0.014829 0.026667
0 0.013824 0.519801 0.018780 0.029404
0 0.082292 0.522053 0.017515 0.026954
0 0.083423 0.427704 0.017440 0.027594
0 0.074360 0.313046 0.018065 0.029338
0 0.141265 0.319603 0.020729 0.028543
0 0.144717 0.420177 0.019420 0.028190
0 0.147039 0.528013 0.018214 0.028455
0 0.209643 0.529845 0.019271 0.025166
0 0.207961 0.428896 0.017083 0.026534
0 0.210030 0.325320 0.017708 0.024349
0 0.263854 0.330177 0.018795 0.028874
0 0.277470 0.429691 0.017917 0.026358
0 0.278423 0.532053 0.016310 0.027815
