0 0.016488 0.400397 0.015461 0.023400
0 0.060074 0.316954 0.013170 0.021302
0 0.058705 0.395188 0.012679 0.021832
0 0.064851 0.458521 0.013780 0.022450
0 0.112426 0.396159 0.014271 0.021567
0 0.106146 0.316512 0.013616 0.021501
0 0.111116 0.459757 0.013869 0.021567
0 0.152098 0.321722 0.013095 0.019757
0 0.154658 0.391413 0.012976 0.019801
0 0.155446 0.463819 0.014568 0.020861
0 0.198958 0.325298 0.013631 0.019161
0 0.197277 0.396313 0.013973 0.020751
0 0.199301 0.465916 0.013571 0.020618
0 0.236131 0.328653 0.014167 0.020353
0 0.245536 0.396777 0.012842 0.019492
0 0.245744 0.467660 0.012500 0.019669
