0 0.027798 0.428918 0.015878 0.026490
0 0.029122 0.327770 0.015387 0.023091
0 0.087827 0.326159 0.017693 0.024525
0 0.096146 0.429338 0.016399 0.025762
0 0.035432 0.511280 0.016399 0.025188
0 0.095536 0.514415 0.017292 0.026733
0 0.148542 0.332804 0.017723 0.026887
0 0.151994 0.422870 0.016190 0.025320
0 0.153750 0.518962 0.017604 0.028013
0 0.209702 0.520177 0.017604 0.024172
0 0.207589 0.429735 0.018661 0.026556
0 0.209315 0.337263 0.016815 0.026402
0 0.258140 0.341567 0.016295 0.025607
0 0.270268 0.430066 0.015193 0.027196
0 0.270789 0.521678 0.016250 0.025629
