0 0.006879 0.558653 0.013757 0.032340
0 0.002883 0.327329 0.005766 0.032230
0 0.070268 0.325563 0.021801 0.033333
0 0.081280 0.455673 0.020952 0.029868
0 0.079807 0.562561 0.022158 0.032406
0 0.150402 0.446799 0.019926 0.030618
0 0.152604 0.569536 0.021205 0.034040
0 0.147113 0.332936 0.020610 0.032649
0 0.223125 0.339779 0.019851 0.029338
0 0.221116 0.456667 0.021042 0.030309
0 0.223289 0.570397 0.021205 0.031126
0 0.301086 0.573355 0.019881 0.029338
0 0.300238 0.457130 0.020268 0.029713
0 0.284554 0.344989 0.020060 0.032097
