0 0.5100545634920635 0.5301543209876544 0.0022197420634920183 0.004091710758377513
0 0.5206919642857143 0.5275440917107584 0.0018650793650794733 0.003430335097001852
0 0.5316666666666666 0.526710758377425 0.00198908730158741 0.004047619047618975
0 0.5307911706349207 0.5100352733686067 0.0020163690476190745 0.003531746031746128
0 0.5312152777777778 0.4930202821869489 0.001976686507936571 0.003915343915343964
0 0.5194022817460318 0.4932319223985891 0.002051091269841378 0.003985890652557303
0 0.5105605158730159 0.4924338624338624 0.002147817460317424 0.0037962962962963523
0 0.4981622023809524 0.4941710758377425 0.0020386904761904266 0.003928571428571365
0 0.510062003968254 0.511384479717813 0.001837797619047583 0.00376984126984135
0 0.5208482142857143 0.51 0.0020808531746032556 0.0036375661375661374
0 0.542733134920635 0.5115432098765432 0.002103174603174495 0.0037345679012344797
0 0.5434548611111111 0.46100088183421517 0.0019618055555555196 0.003955026455026367
0 0.5430654761904762 0.47928571428571426 0.00207589285714283 0.0036596119929454066
0 0.524454365079365 0.4768430335097002 0.0019816468253967714 0.0038624338624339586
0 0.5342013888888889 0.46188712522045855 0.0019270833333334416 0.003977072310405636
0 0.5041914682539683 0.47481481481481486 0.0020461309523809525 0.004369488536155139