0 0.5649801587301587 0.47354497354497355 0.5682043650793651 0.47707231040564374 0.5674603174603174 0.48324514991181655 0.5649801587301587 0.48412698412698413 0.5622519841269841 0.47795414462081126 0.5647321428571429 0.47354497354497355
0 0.5369543650793651 0.5462962962962963 0.5391865079365079 0.5533509700176367 0.5364583333333334 0.5568783068783069 0.533234126984127 0.5537918871252204 0.533234126984127 0.5493827160493827 0.5367063492063492 0.5462962962962963
0 0.5114087301587301 0.5074955908289241 0.5119047619047619 0.5132275132275133 0.5091765873015873 0.5163139329805997 0.5069444444444444 0.5149911816578483 0.5064484126984127 0.5083774250440917 0.5111607142857143 0.5074955908289241
0 0.5466269841269841 0.43209876543209874 0.5466269841269841 0.4417989417989418 0.5434027777777778 0.44223985890652556 0.5419146825396826 0.4347442680776014 0.5463789682539683 0.43209876543209874
0 0.48933531746031744 0.5498236331569665 0.49032738095238093 0.5555555555555556 0.48759920634920634 0.5599647266313933 0.48462301587301587 0.5577601410934744 0.484375 0.5533509700176367 0.4853670634920635 0.5502645502645502 0.48908730158730157 0.5498236331569665
0 0.5228174603174603 0.4678130511463845 0.5243055555555556 0.47442680776014107 0.5223214285714286 0.47795414462081126 0.5190972222222222 0.47707231040564374 0.5186011904761905 0.47354497354497355 0.5193452380952381 0.4691358024691358 0.5225694444444444 0.4678130511463845
0 0.4880952380952381 0.5930335097001763 0.49007936507936506 0.5987654320987654 0.48759920634920634 0.6040564373897708 0.484375 0.6031746031746031 0.4833829365079365 0.5987654320987654 0.48462301587301587 0.5943562610229277 0.4878472222222222 0.5930335097001763
0 0.5143849206349206 0.5886243386243386 0.5151289682539683 0.595679012345679 0.5124007936507936 0.5983245149911817 0.5101686507936508 0.5965608465608465 0.5096726190476191 0.5908289241622575 0.5114087301587301 0.5877425044091711 0.5141369047619048 0.5886243386243386
0 0.5141369047619048 0.54673721340388 0.5161210317460317 0.550705467372134 0.5141369047619048 0.5564373897707231 0.511656746031746 0.5564373897707231 0.5101686507936508 0.5511463844797179 0.5111607142857143 0.54673721340388 0.5138888888888888 0.54673721340388
0 0.4751984126984127 0.46296296296296297 0.47643849206349204 0.4691358024691358 0.47371031746031744 0.47354497354497355 0.47098214285714285 0.4713403880070547 0.470734126984127 0.4660493827160494 0.4749503968253968 0.46296296296296297
0 0.5642361111111112 0.43033509700176364 0.5677083333333334 0.4294532627865961 0.5691964285714286 0.43209876543209874 0.5679563492063492 0.43915343915343913 0.5639880952380952 0.43915343915343913 0.5642361111111112 0.43077601410934746
0 0.49032738095238093 0.5057319223985891 0.4913194444444444 0.5123456790123457 0.4885912698412698 0.5149911816578483 0.48561507936507936 0.5123456790123457 0.48561507936507936 0.5083774250440917 0.48735119047619047 0.5048500881834215 0.49007936507936506 0.5057319223985891
0 0.4603174603174603 0.5083774250440917 0.4623015873015873 0.5119047619047619 0.4603174603174603 0.5194003527336861 0.4565972222222222 0.5167548500881834 0.45709325396825395 0.5097001763668431 0.4600694444444444 0.5083774250440917
0 0.5399305555555556 0.5868606701940036 0.5411706349206349 0.5886243386243386 0.5399305555555556 0.595679012345679 0.5364583333333334 0.595679012345679 0.5354662698412699 0.5921516754850088 0.5364583333333334 0.5873015873015873 0.5396825396825397 0.5868606701940036
0 0.5642361111111112 0.5502645502645502 0.5674603174603174 0.5524691358024691 0.5674603174603174 0.5590828924162258 0.5625 0.5582010582010583 0.5639880952380952 0.550705467372134
0 0.5374503968253969 0.5066137566137566 0.5396825396825397 0.5083774250440917 0.5396825396825397 0.5149911816578483 0.5376984126984127 0.5158730158730159 0.5344742063492064 0.5119047619047619 0.5347222222222222 0.5083774250440917 0.5372023809523809 0.5066137566137566