0 0.5052083333333334 0.671957671957672 0.5109126984126984 0.6785714285714286 0.5121527777777778 0.6847442680776014 0.5109126984126984 0.6953262786596119 0.5052083333333334 0.701058201058201 0.4992559523809524 0.6970899470899471 0.4962797619047619 0.6860670194003528 0.4982638888888889 0.6772486772486772 0.5049603174603174 0.671957671957672
0 0.5364583333333334 0.4175485008818342 0.5411706349206349 0.4210758377425044 0.5431547619047619 0.4281305114638448 0.5419146825396826 0.43871252204585537 0.5369543650793651 0.44488536155202824 0.5319940476190477 0.44312169312169314 0.5285218253968254 0.4329805996472663 0.5295138888888888 0.4228395061728395 0.5362103174603174 0.4175485008818342
0 0.6917162698412699 0.29894179894179895 0.6949404761904762 0.30335097001763667 0.6959325396825397 0.31216931216931215 0.6934523809523809 0.3205467372134039 0.689484126984127 0.32407407407407407 0.6825396825396826 0.32142857142857145 0.6805555555555556 0.31746031746031744 0.6803075396825397 0.30952380952380953 0.6845238095238095 0.29894179894179895 0.691468253968254 0.29894179894179895
0 0.4290674603174603 0.5343915343915344 0.4337797619047619 0.5401234567901234 0.43452380952380953 0.5485008818342152 0.43278769841269843 0.5551146384479718 0.42857142857142855 0.5599647266313933 0.42212301587301587 0.5568783068783069 0.4191468253968254 0.5432098765432098 0.42162698412698413 0.5365961199294532 0.4288194444444444 0.5343915343915344
0 0.6788194444444444 0.699294532627866 0.6842757936507936 0.708994708994709 0.6825396825396826 0.7213403880070547 0.6790674603174603 0.7257495590828924 0.6716269841269841 0.7231040564373897 0.6684027777777778 0.7142857142857143 0.6711309523809523 0.7014991181657848 0.6785714285714286 0.699294532627866
0 0.5828373015873016 0.677689594356261 0.5882936507936508 0.6829805996472663 0.5895337301587301 0.6931216931216931 0.5880456349206349 0.6997354497354498 0.5823412698412699 0.7054673721340388 0.5746527777777778 0.701058201058201 0.5729166666666666 0.6891534391534392 0.5766369047619048 0.6794532627865961 0.5825892857142857 0.677689594356261
0 0.3804563492063492 0.39197530864197533 0.38566468253968256 0.3977072310405644 0.3871527777777778 0.4078483245149912 0.38467261904761907 0.41798941798941797 0.38070436507936506 0.42151675485008816 0.37450396825396826 0.4184303350970018 0.3712797619047619 0.4087301587301587 0.3732638888888889 0.3972663139329806 0.3802083333333333 0.39197530864197533
0 0.42212301587301587 0.6803350970017636 0.42683531746031744 0.6860670194003528 0.4280753968253968 0.6966490299823633 0.42584325396825395 0.7037037037037037 0.421875 0.7067901234567902 0.41592261904761907 0.705026455026455 0.41294642857142855 0.6966490299823633 0.41443452380952384 0.685626102292769 0.421875 0.6803350970017636
0 0.683531746031746 0.4417989417989418 0.6882440476190477 0.44576719576719576 0.6902281746031746 0.4576719576719577 0.6877480158730159 0.46649029982363316 0.6827876984126984 0.4708994708994709 0.6770833333333334 0.4678130511463845 0.6743551587301587 0.4559082892416226 0.6773313492063492 0.44488536155202824 0.6832837301587301 0.4417989417989418
0 0.589781746031746 0.5454144620811288 0.5930059523809523 0.5502645502645502 0.5942460317460317 0.5590828924162258 0.5887896825396826 0.5709876543209876 0.5815972222222222 0.568342151675485 0.5793650793650794 0.5559964726631393 0.5823412698412699 0.54673721340388 0.5895337301587301 0.5454144620811288
0 0.328125 0.5427689594356261 0.3318452380952381 0.5436507936507936 0.3368055555555556 0.5502645502645502 0.3373015873015873 0.5573192239858906 0.3353174603174603 0.564373897707231 0.3315972222222222 0.5692239858906526 0.32787698412698413 0.5692239858906526 0.3226686507936508 0.5617283950617284 0.32217261904761907 0.5511463844797179 0.32787698412698413 0.5432098765432098
0 0.4982638888888889 0.5414462081128748 0.5024801587301587 0.5537918871252204 0.49975198412698413 0.5639329805996472 0.4962797619047619 0.5665784832451499 0.49032738095238093 0.564373897707231 0.4868551587301587 0.5529100529100529 0.48908730158730157 0.5432098765432098 0.49404761904761907 0.5401234567901234 0.498015873015873 0.5414462081128748
0 0.5014880952380952 0.8112874779541446 0.5049603174603174 0.8134920634920635 0.5084325396825397 0.8209876543209876 0.5089285714285714 0.8276014109347443 0.5066964285714286 0.8346560846560847 0.5034722222222222 0.8386243386243386 0.49851190476190477 0.8390652557319224 0.4935515873015873 0.8311287477954145 0.4947916666666667 0.8179012345679012 0.5012400793650794 0.8117283950617284
0 0.5892857142857143 0.8112874779541446 0.5939980158730159 0.8179012345679012 0.5942460317460317 0.826278659611993 0.5887896825396826 0.8368606701940036 0.582093253968254 0.8350970017636684 0.5796130952380952 0.8218694885361552 0.5828373015873016 0.8134920634920635 0.5890376984126984 0.8112874779541446
0 0.6163194444444444 0.2985008818342152 0.6205357142857143 0.30335097001763667 0.6222718253968254 0.3134920634920635 0.6205357142857143 0.32407407407407407 0.6163194444444444 0.32848324514991184 0.609375 0.32583774250440917 0.6066468253968254 0.31746031746031744 0.6088789682539683 0.3037918871252205 0.6160714285714286 0.2985008818342152
0 0.4193948412698413 0.8240740740740741 0.4246031746031746 0.8311287477954145 0.4253472222222222 0.8430335097001763 0.41889880952380953 0.8540564373897708 0.41195436507936506 0.849647266313933 0.40947420634920634 0.8381834215167548 0.41195436507936506 0.8276014109347443 0.4191468253968254 0.8240740740740741