0 0.5438244047619047 0.43981922398589063 0.004005456349206259 0.007261904761904774
0 0.5622371031746032 0.43826719576719575 0.0038095238095237284 0.007513227513227497
0 0.5613392857142857 0.47495590828924167 0.003903769841269787 0.007111992945326327
0 0.5243526785714285 0.4701278659611993 0.0038541666666666577 0.007720458553791983
0 0.5142063492063492 0.5021913580246914 0.004074900793650866 0.007297178130511544
0 0.49667410714285715 0.5012125220458554 0.003911210317460313 0.007014991181657784
0 0.5379141865079364 0.5023324514991182 0.0038616071428570708 0.007156084656084664
0 0.5368154761904762 0.5361772486772487 0.004139384920634821 0.007561728395061768
0 0.5172395833333334 0.5360405643738977 0.004246031746031719 0.007500000000000096
0 0.5167559523809524 0.5712698412698413 0.004107142857142957 0.007319223985890613
0 0.5387326388888889 0.5694973544973545 0.0038442460317460315 0.007336860670193948
0 0.5608556547619047 0.5396781305114638 0.004112103174603156 0.007235449735449671
0 0.4957986111111111 0.5386992945326279 0.003807043650793628 0.007367724867724884
0 0.4956622023809524 0.575925925925926 0.004243551587301619 0.007830687830687928
0 0.4719642857142857 0.5046031746031746 0.0038045634920635283 0.007147266313932997
0 0.4839905753968254 0.4661199294532628 0.004340277777777778 0.007892416225749599