0 0.4847792658730159 0.45229717813051146 0.003516865079365039 0.006327160493827121
0 0.49355406746031744 0.46925925925925926 0.0033928571428571024 0.006124338624338568
0 0.505657242063492 0.4529585537918871 0.003387896825396789 0.006490299823633119
0 0.5159871031746032 0.46709435626102286 0.003320932539682621 0.006446208112874731
0 0.5272247023809524 0.4523059964726631 0.0031076388888888256 0.00596119929453262
0 0.5363839285714286 0.4690608465608465 0.0030977182539682 0.006115520282186901
0 0.5492137896825396 0.45385361552028214 0.0034499007936507576 0.006344797178130505
0 0.557016369047619 0.47053791887125224 0.0033482142857142855 0.007125220458553728
0 0.48569196428571426 0.4934832451499118 0.0033779761904761635 0.006093474426807832
0 0.49587301587301585 0.5125044091710758 0.00301339285714288 0.006119929453262835
0 0.5105009920634921 0.4972707231040564 0.003253968253968227 0.005912698412698349
0 0.5174751984126984 0.5122663139329806 0.0032415674603173883 0.0060361552028218935
0 0.5324454365079365 0.49579805996472665 0.003075396825396735 0.00606701940035283
0 0.5392857142857143 0.5138007054673721 0.003229166666666775 0.00599647266313929
0 0.5518849206349206 0.499294532627866 0.0031200396825396643 0.0064638447971780665
0 0.5599702380952382 0.5135802469135802 0.0033680555555555373 0.005952380952380952