0 0.4781746031746032 0.1111111111111111 0.4878472222222222 0.11948853615520282 0.49231150793650796 0.1371252204585538 0.4913194444444444 0.15123456790123457 0.4880952380952381 0.16005291005291006 0.47867063492063494 0.16887125220458554 0.4732142857142857 0.167989417989418 0.4670138888888889 0.16137566137566137 0.4632936507936508 0.15255731922398588 0.46130952380952384 0.1402116402116402 0.4625496031746032 0.12698412698412698 0.46552579365079366 0.11904761904761904 0.47172619047619047 0.11243386243386243 0.4779265873015873 0.1111111111111111
0 0.4992559523809524 0.3955026455026455 0.5049603174603174 0.3990299823633157 0.5096726190476191 0.4069664902998236 0.5121527777777778 0.4144620811287478 0.5124007936507936 0.42680776014109345 0.5084325396825397 0.44047619047619047 0.49875992063492064 0.4479717813051146 0.49181547619047616 0.44576719576719576 0.48586309523809523 0.43871252204585537 0.482390873015873 0.4294532627865961 0.4818948412698413 0.4175485008818342 0.48412698412698413 0.4052028218694885 0.48759920634920634 0.3990299823633157 0.4990079365079365 0.3955026455026455
0 0.6775793650793651 0.12169312169312169 0.685515873015873 0.13315696649029982 0.6870039682539683 0.15123456790123457 0.6820436507936508 0.1657848324514991 0.6723710317460317 0.17239858906525574 0.6651785714285714 0.1710758377425044 0.6612103174603174 0.1662257495590829 0.6577380952380952 0.1574074074074074 0.6572420634920635 0.14153439153439154 0.6597222222222222 0.13051146384479717 0.6646825396825397 0.12301587301587301 0.669890873015873 0.12037037037037036 0.6773313492063492 0.12169312169312169
0 0.33606150793650796 0.10008818342151675 0.3454861111111111 0.11067019400352733 0.3489583333333333 0.12566137566137567 0.34672619047619047 0.1437389770723104 0.3382936507936508 0.15388007054673722 0.33134920634920634 0.15343915343915343 0.3246527777777778 0.14814814814814814 0.3194444444444444 0.13668430335097 0.3179563492063492 0.12698412698412698 0.31919642857142855 0.11596119929453262 0.3244047619047619 0.10405643738977072 0.33581349206349204 0.10008818342151675
0 0.6624503968253969 0.3985890652557319 0.6686507936507936 0.4025573192239859 0.6736111111111112 0.4113756613756614 0.675843253968254 0.4312169312169312 0.6713789682539683 0.4462081128747795 0.6617063492063492 0.455026455026455 0.6532738095238095 0.4532627865961199 0.6478174603174603 0.4462081128747795 0.6440972222222222 0.43562610229276894 0.6436011904761905 0.42592592592592593 0.6453373015873016 0.4149029982363316 0.6495535714285714 0.404320987654321 0.654265873015873 0.39991181657848324 0.6622023809523809 0.3985890652557319
0 0.3244047619047619 0.4096119929453263 0.3350694444444444 0.42328042328042326 0.3365575396825397 0.44135802469135804 0.33209325396825395 0.455026455026455 0.32217261904761907 0.4625220458553792 0.3159722222222222 0.46119929453262787 0.310515873015873 0.4554673721340388 0.3072916666666667 0.44664902998236333 0.3060515873015873 0.431657848324515 0.31225198412698413 0.4144620811287478 0.32415674603174605 0.4096119929453263
0 0.31820436507936506 0.7094356261022927 0.3263888888888889 0.7164902998236331 0.33134920634920634 0.7314814814814815 0.33134920634920634 0.7447089947089947 0.3288690476190476 0.7548500881834215 0.3246527777777778 0.7623456790123457 0.31845238095238093 0.7671957671957672 0.3072916666666667 0.7627865961199295 0.30357142857142855 0.7557319223985891 0.3010912698412698 0.7416225749559083 0.3038194444444444 0.7208994708994709 0.3107638888888889 0.7116402116402116 0.3179563492063492 0.7094356261022927
0 0.4915674603174603 0.6825396825396826 0.501984126984127 0.6926807760141094 0.5049603174603174 0.7041446208112875 0.5052083333333334 0.7142857142857143 0.5017361111111112 0.7253086419753086 0.4913194444444444 0.7354497354497355 0.484375 0.7341269841269841 0.4801587301587302 0.7292768959435626 0.4771825396825397 0.7235449735449735 0.4756944444444444 0.7107583774250441 0.4771825396825397 0.6962081128747796 0.4799107142857143 0.6900352733686067 0.4836309523809524 0.6851851851851852 0.4913194444444444 0.6825396825396826
0 0.8683035714285714 0.43871252204585537 0.8742559523809523 0.44223985890652556 0.8799603174603174 0.4514991181657848 0.8816964285714286 0.468694885361552 0.8799603174603174 0.47795414462081126 0.8745039682539683 0.4880952380952381 0.8628472222222222 0.49382716049382713 0.8581349206349206 0.49206349206349204 0.8514384920634921 0.48368606701940037 0.8487103174603174 0.4757495590828924 0.8479662698412699 0.4634038800705467 0.8504464285714286 0.45282186948853614 0.8556547619047619 0.4435626102292769 0.8680555555555556 0.43871252204585537
0 0.6755952380952381 0.6803350970017636 0.6845238095238095 0.6922398589065256 0.6857638888888888 0.7103174603174603 0.6810515873015873 0.7244268077601411 0.6723710317460317 0.732363315696649 0.6641865079365079 0.7292768959435626 0.6584821428571429 0.7195767195767195 0.6564980158730159 0.7107583774250441 0.6567460317460317 0.6979717813051146 0.6614583333333334 0.685626102292769 0.6708829365079365 0.6798941798941799 0.6753472222222222 0.6803350970017636
0 0.13343253968253968 0.11904761904761904 0.14112103174603174 0.12962962962962962 0.14384920634920634 0.14770723104056438 0.14037698412698413 0.1626984126984127 0.13690476190476192 0.16843033509700175 0.13020833333333334 0.17195767195767195 0.1232638888888889 0.1697530864197531 0.11830357142857142 0.164021164021164 0.11408730158730158 0.15167548500881833 0.11334325396825397 0.1384479717813051 0.11557539682539683 0.12698412698412698 0.1195436507936508 0.12037037037037036 0.12574404761904762 0.11684303350970017 0.1331845238095238 0.11904761904761904