0 0.49225694444444446 0.4526146384479718 0.002956349206349224 0.005189594356261015
0 0.4997172619047619 0.4672310405643739 0.0029538690476190116 0.005568783068783117
0 0.5102008928571429 0.45314814814814813 0.0029389880952381854 0.005383597883597899
0 0.5191592261904762 0.4656481481481481 0.002986111111111102 0.005026455026455066
0 0.5289955357142857 0.4525925925925926 0.002981150793650902 0.005145502645502678
0 0.5367832341269841 0.4671649029982363 0.002819940476190449 0.0054409171075838385
0 0.5478819444444444 0.45411375661375664 0.0032142857142857233 0.005568783068783117
0 0.5546081349206349 0.46874779541446204 0.0032217261904761364 0.005974426807760221
0 0.5502306547619048 0.49320987654320986 0.0029935515873015153 0.00534832451499123
0 0.5571130952380953 0.5057848324514991 0.002822420634920662 0.0054409171075838385
0 0.539280753968254 0.505899470899471 0.0030084325396825666 0.005119047619047675
0 0.5333630952380952 0.4905114638447972 0.0027033730158729256 0.005780423280423336
0 0.5203546626984127 0.504594356261023 0.002916666666666721 0.005679012345679061
0 0.514501488095238 0.4915961199294533 0.002847222222222114 0.005039682539682467
0 0.49315972222222226 0.48807760141093476 0.0029588293650793245 0.00499559082892413
0 0.501795634920635 0.5046825396825396 0.002686011904761887 0.005559964726631449