0 0.507750496031746 0.5330335097001764 0.002596726190476197 0.005264550264550289
0 0.5194618055555555 0.5303350970017636 0.002318948412698503 0.004607583774250361
0 0.5314484126984127 0.5294268077601411 0.002162698412698476 0.004312169312169401
0 0.5196949404761905 0.5110229276895943 0.002445436507936427 0.004298941798941799
0 0.5077802579365079 0.5125881834215167 0.0024007936507936664 0.004223985890652525
0 0.5083110119047619 0.4918959435626102 0.002343749999999955 0.004365079365079405
0 0.5304786706349206 0.510978835978836 0.0022891865079363994 0.004210758377425124
0 0.5234672619047619 0.4748280423280424 0.0024305555555556007 0.004268077601410862
0 0.530969742063492 0.4925661375661376 0.0021527777777778498 0.004325396825396802
0 0.5180084325396825 0.4924559082892417 0.002251984126984109 0.004259259259259195
0 0.5439236111111111 0.47730599647266314 0.002212301587301605 0.004025573192239907
0 0.5443477182539682 0.4572045855379189 0.0022916666666666125 0.004435626102292745
0 0.5341542658730158 0.45799823633156966 0.002425595238095175 0.004338624338624403
0 0.5435788690476191 0.5127645502645503 0.002299107142857251 0.003968253968253968
0 0.4947519841269841 0.49382716049382713 0.0023635912698413194 0.00455908289241629
0 0.5013938492063492 0.4725220458553792 0.002333829365079329 0.004537037037037021