0 0.456721 0.555556 0.00917659 0.0176367 0.0190595
0 0.56994 0.998898 0.0223214 0.00220459 0.0350735
0 0.458209 0.214065 0.00669643 0.0119048 0.242316
0 0.388145 0.369929 0.00644841 0.0141093 0.32286
0 0.62872 0.669092 0.00744048 0.0171958 0.502679
0 0.502976 0.560185 0.00992064 0.0171958 0.609679
0 0.534102 0.26918 0.00868056 0.0180776 0.694769
0 0.53125 0.475309 0.00992064 0.0176367 0.695094
0 0.63182 0.493827 0.00967262 0.0176367 0.700359
0 0.56188 0.654982 0.0116567 0.0198413 0.70119
0 0.566468 0.562831 0.00892857 0.0163139 0.721956
0 0.451761 0.655644 0.0111607 0.0167549 0.723145
0 0.635541 0.394621 0.0101687 0.0167549 0.729603
0 0.509549 0.651235 0.0106647 0.0185185 0.737487
0 0.508185 0.746693 0.00793651 0.0171958 0.749465
0 0.389881 0.561287 0.00992064 0.0176367 0.77355
0 0.424107 0.458995 0.00992064 0.0194004 0.779232
0 0.450025 0.755732 0.0106647 0.0194004 0.79815
