0 0.428075 0.0485009 0.00992064 0.0176367 0.0838333
0 0.326637 0.276675 0.00892857 0.0207231 0.133797
0 0.58817 0.824295 0.0126488 0.0233686 0.319393
0 0.426711 0.546076 0.015129 0.0242504 0.482518
0 0.614955 0.31261 0.015129 0.0299824 0.612083
0 0.535466 0.430115 0.014881 0.0251323 0.704807
0 0.495412 0.553792 0.0141369 0.026455 0.716242
0 0.501364 0.825397 0.0141369 0.0246914 0.743507
0 0.678571 0.712081 0.0114087 0.0246914 0.761085
0 0.539187 0.126764 0.0128968 0.0286596 0.789864
0 0.682664 0.455688 0.0141369 0.0260141 0.797637
0 0.504588 0.686067 0.015129 0.026455 0.812183
0 0.329489 0.556217 0.0146329 0.0251323 0.81347
0 0.420635 0.692901 0.0143849 0.0251323 0.814087
0 0.586806 0.556658 0.0138889 0.0233686 0.816987
0 0.37934 0.406526 0.015129 0.0282187 0.82579
0 0.418155 0.838845 0.015377 0.0286596 0.829295
0 0.688244 0.310406 0.0143849 0.0255732 0.829533
0 0.581349 0.691358 0.015873 0.0282187 0.842865
