0 0.49825892857142856 0.5648941798941799 0.003601190476190472 0.0066490299823632835
0 0.49840277777777775 0.5331746031746032 0.0033804563492063765 0.006296296296296385
0 0.516875 0.5307451499118165 0.0034573412698411707 0.006150793650793571
0 0.5164930555555556 0.5607275132275132 0.0034499007936507576 0.006177248677248773
0 0.5350917658730158 0.5592504409171076 0.003392857142857215 0.00613756613756617
0 0.5334722222222222 0.5308509700176367 0.003563988095238068 0.006358024691358057
0 0.5540773809523809 0.5338007054673721 0.003482142857142848 0.005974426807760221
0 0.5343774801587302 0.5020502645502646 0.0033556547619046986 0.006000881834215223
0 0.5544791666666666 0.47850970017636685 0.003529265873015765 0.006296296296296385
0 0.5552232142857142 0.4471649029982363 0.003249007936508027 0.006459435626102333
0 0.5394022817460317 0.4483465608465609 0.0035540674603174423 0.006128747795414502
0 0.5229117063492064 0.474484126984127 0.0034052579365078284 0.006097883597883566
0 0.5141542658730159 0.5019179894179894 0.003566468253968281 0.005965608465608554
0 0.4993204365079365 0.5008906525573192 0.003070436507936535 0.005709876543209797
0 0.488422619047619 0.4707583774250441 0.0034995039682539997 0.006728395061728491
0 0.4781175595238095 0.5037433862433862 0.003219246031746036 0.0062477954144621135